# Single SKU Max Power Table 
#       OFDM 6 ~ 54       | |                HT20 MCS 0 ~ 15               | |                 HT40 MCS 0 ~ 15              | |      VHT80 MCS 0 ~ 9     | | 
Band 1
 ch36 15 15 15 15 15 15 15 15 12 12 12 12 12 12 12 12 12 12 12 12 12 12 12 12 
 ch38 15 15 15 15 15 15 15 15 12 12 12 12 12 12 12 12 12 12 12 12 12 12 12 12 14 14 14 14 14 14 14 14 14 14 14 14 14 14 14 14 
 ch40 15 15 15 15 15 15 15 15 12 12 12 12 12 12 12 12 12 12 12 12 12 12 12 12 14 14 14 14 14 14 14 14 14 14 14 14 14 14 14 14 
 ch42 15 15 15 15 15 15 15 15 12 12 12 12 12 12 12 12 12 12 12 12 12 12 12 12 14 14 14 14 14 14 14 14 14 14 14 14 14 14 14 14 14 14 14 14 14 14 14 14 14 14 
 ch44 15 15 15 15 15 15 15 15 12 12 12 12 12 12 12 12 12 12 12 12 12 12 12 12 14 14 14 14 14 14 14 14 14 14 14 14 14 14 14 14 
 ch46 15 15 15 15 15 15 15 15 12 12 12 12 12 12 12 12 12 12 12 12 12 12 12 12 14 14 14 14 14 14 14 14 14 14 14 14 14 14 14 14 
 ch48 15 15 15 15 15 15 15 15 12 12 12 12 12 12 12 12 12 12 12 12 12 12 12 12 
Band 2
 ch52 15 15 15 15 15 15 15 15 12 12 12 12 12 12 12 12 12 12 12 12 12 12 12 12 
 ch54 15 15 15 15 15 15 15 15 12 12 12 12 12 12 12 12 12 12 12 12 12 12 12 12 14 14 14 14 14 14 14 14 14 14 14 14 14 14 14 14 
 ch56 15 15 15 15 15 15 15 15 12 12 12 12 12 12 12 12 12 12 12 12 12 12 12 12 14 14 14 14 14 14 14 14 14 14 14 14 14 14 14 14 
 ch58 15 15 15 15 15 15 15 15 12 12 12 12 12 12 12 12 12 12 12 12 12 12 12 12 14 14 14 14 14 14 14 14 14 14 14 14 14 14 14 14 14 14 14 14 14 14 14 14 14 14 
 ch60 15 15 15 15 15 15 15 15 12 12 12 12 12 12 12 12 12 12 12 12 12 12 12 12 14 14 14 14 14 14 14 14 14 14 14 14 14 14 14 14 
 ch62 15 15 15 15 15 15 15 15 12 12 12 12 12 12 12 12 12 12 12 12 12 12 12 12 14 14 14 14 14 14 14 14 14 14 14 14 14 14 14 14 
 ch64 15 15 15 15 15 15 15 15 12 12 12 12 12 12 12 12 12 12 12 12 12 12 12 12 
Band 3
ch100 21 21 21 21 20 20 19 19 19 19 19 19 19 19 18 18 19 19 19 19 19 19 18 18 
ch101 21 21 21 21 20 20 19 19 19 19 19 19 19 19 18 18 19 19 19 19 19 19 18 18 20 20 20 20 19 19 18 18 20 20 20 20 19 19 18 18 
ch104 21 21 21 21 20 20 19 19 19 19 19 19 19 19 18 18 19 19 19 19 19 19 18 18 20 20 20 20 19 19 18 18 20 20 20 20 19 19 18 18
ch106 21 21 21 21 20 20 19 19 19 19 19 19 19 19 18 18 19 19 19 19 19 19 18 18 20 20 20 20 19 19 18 18 20 20 20 20 19 19 18 18 19 19 19 19 19 19 18 18 17 16  
ch108 21 21 21 21 20 20 19 19 19 19 19 19 19 19 18 18 19 19 19 19 19 19 18 18 20 20 20 20 19 19 18 18 20 20 20 20 19 19 18 18 19 19 19 19 19 19 18 18 17 16 
ch112 21 21 21 21 20 20 19 19 19 19 19 19 19 19 18 18 19 19 19 19 19 19 18 18 20 20 20 20 19 19 18 18 20 20 20 20 19 19 18 18 19 19 19 19 19 19 18 18 17 16 
ch114 21 21 21 21 20 20 19 19 19 19 19 19 19 19 18 18 19 19 19 19 19 19 18 18 20 20 20 20 19 19 18 18 20 20 20 20 19 19 18 18 19 19 19 19 19 19 18 18 17 16 
ch116 21 21 21 21 20 20 19 19 19 19 19 19 19 19 18 18 19 19 19 19 19 19 18 18 20 20 20 20 19 19 18 18 20 20 20 20 19 19 18 18 19 19 19 19 19 19 18 18 17 16 
ch120 21 21 21 21 20 20 19 19 19 19 19 19 19 19 18 18 19 19 19 19 19 19 18 18 20 20 20 20 19 19 18 18 20 20 20 20 19 19 18 18 19 19 19 19 19 19 18 18 17 16 
ch122 21 21 21 21 20 20 19 19 19 19 19 19 19 19 18 18 19 19 19 19 19 19 18 18 20 20 20 20 19 19 18 18 20 20 20 20 19 19 18 18 19 19 19 19 19 19 18 18 17 16 
ch124 21 21 21 21 20 20 19 19 19 19 19 19 19 19 18 18 19 19 19 19 19 19 18 18 20 20 20 20 19 19 18 18 20 20 20 20 19 19 18 18 19 19 19 19 19 19 18 18 17 16  
ch128 21 21 21 21 20 20 19 19 19 19 19 19 19 19 18 18 19 19 19 19 19 19 18 18 20 20 20 20 19 19 18 18 20 20 20 20 19 19 18 18 19 19 19 19 19 19 18 18 17 16 
ch130 21 21 21 21 20 20 19 19 19 19 19 19 19 19 18 18 19 19 19 19 19 19 18 18 20 20 20 20 19 19 18 18 20 20 20 20 19 19 18 18 19 19 19 19 19 19 18 18 17 16 
ch132 21 21 21 21 20 20 19 19 19 19 19 19 19 19 18 18 19 19 19 19 19 19 18 18 20 20 20 20 19 19 18 18 20 20 20 20 19 19 18 18 19 19 19 19 19 19 18 18 17 16 
ch136 21 21 21 21 20 20 19 19 19 19 19 19 19 19 18 18 19 19 19 19 19 19 18 18 20 20 20 20 19 19 18 18 20 20 20 20 19 19 18 18
ch138 21 21 21 21 20 20 19 19 19 19 19 19 19 19 18 18 19 19 19 19 19 19 18 18 20 20 20 20 19 19 18 18 20 20 20 20 19 19 18 18
ch140 21 21 21 21 20 20 19 19 19 19 19 19 19 19 18 18 19 19 19 19 19 19 18 18
Band 4
ch149 21 21 21 21 20 20 19 19 19 19 19 19 19 19 18 18 19 19 19 19 19 19 18 18 
ch151 21 21 21 21 20 20 19 19 19 19 19 19 19 19 18 18 19 19 19 19 19 19 18 18 20 20 20 20 19 19 18 18 20 20 20 20 19 19 18 18  
ch153 21 21 21 21 20 20 19 19 19 19 19 19 19 19 18 18 19 19 19 19 19 19 18 18 20 20 20 20 19 19 18 18 20 20 20 20 19 19 18 18  
ch155 21 21 21 21 20 20 19 19 19 19 19 19 19 19 18 18 19 19 19 19 19 19 18 18 20 20 20 20 19 19 18 18 20 20 20 20 19 19 18 18 19 19 19 19 19 19 18 18 17 16 
ch157 21 21 21 21 20 20 19 19 19 19 19 19 19 19 18 18 19 19 19 19 19 19 18 18 20 20 20 20 19 19 18 18 20 20 20 20 19 19 18 18 
ch159 21 21 21 21 20 20 19 19 19 19 19 19 19 19 18 18 19 19 19 19 19 19 18 18 20 20 20 20 19 19 18 18 20 20 20 20 19 19 18 18  
ch161 21 21 21 21 20 20 19 19 19 19 19 19 19 19 18 18 19 19 19 19 19 19 18 18
# End of Single SKU Table
