# Single SKU Max Power Table
# |CCK 1~11  | |    OFDM 6 ~ 54      | |             HT20 MCS 0 ~ 15                 | |             HT40 MCS 0 ~ 15                  |
 ch1 14 14 14 14 17 17 17 17 17 17 17 17 13 13 13 13 13 13 13 13 13 13 13 13 13 13 13 13 
 ch2 14 14 14 14 22 22 22 22 22 22 22 22 18 18 18 18 18 18 18 18 18 18 18 18 18 18 18 18
 ch3 14 14 14 14 22 22 22 22 22 22 22 22 18 18 18 18 18 18 18 18 18 18 18 18 18 18 18 18 10 10 10 10 10 10 10 10 10 10 10 10 10 10 10 10
 ch4 14 14 14 14 22 22 22 22 22 22 22 22 18 18 18 18 18 18 18 18 18 18 18 18 18 18 18 18 15 15 15 15 15 15 15 15 15 15 15 15 15 15 15 15
 ch5 14 14 14 14 22 22 22 22 22 22 22 22 18 18 18 18 18 18 18 18 18 18 18 18 18 18 18 18 15 15 15 15 15 15 15 15 15 15 15 15 15 15 15 15
 ch6 14 14 14 14 22 22 22 22 22 22 22 22 18 18 18 18 18 18 18 18 18 18 18 18 18 18 18 18 15 15 15 15 15 15 15 15 15 15 15 15 15 15 15 15
 ch7 14 14 14 14 22 22 22 22 22 22 22 22 18 18 18 18 18 18 18 18 18 18 18 18 18 18 18 18 15 15 15 15 15 15 15 15 15 15 15 15 15 15 15 15
 ch8 14 14 14 14 22 22 22 22 22 22 22 22 18 18 18 18 18 18 18 18 18 18 18 18 18 18 18 18 15 15 15 15 15 15 15 15 15 15 15 15 15 15 15 15
 ch9 14 14 14 14 22 22 22 22 22 22 22 22 18 18 18 18 18 18 18 18 18 18 18 18 18 18 18 18 10 10 10 10 10 10 10 10 10 10 10 10 10 10 10 10
ch10 14 14 14 14 22 22 22 22 22 22 22 22 18 18 18 18 18 18 18 18 18 18 18 18 18 18 18 18 
ch11 14 14 14 14 15 15 15 15 15 15 15 15 13 13 13 13 13 13 13 13 13 13 13 13 13 13 13 13 
ch12 
ch13 
ch14 
# End of Single SKU Table