"# SKU Power Limit Table (unit is 1 dBm, resolution level is ?0.5 dBm)",,,,,,,,,,,,,,,,,,,,,,,,,,,,,,,,,,,,,,,,,,,,,,,,,,,,,,,,,,,,,,,,,,,,,,,,,,,,,,,,,,,,,,,,,,,,,,,,,,,,,,,,,,,,,,,,,,,,,,,,,,,,,,,,,,,,,,,,,,,,,,,,,
# 2.4G Channel,CCK,,,,OFDM,,,,,,,,BW20 (HT/VHT),,,,,,,,,,,,BW40 (HT/VHT),,,,,,,,,,,,,BW80 (HT/VHT),,,,,,,,,,,,BW160 (HT/VHT),,,,,,,,,,,,RU26,,,,,,,,,,,,RU52,,,,,,,,,,,,RU106,,,,,,,,,,,,RU242,,,,,,,,,,,,RU484,,,,,,,,,,,,RU996,,,,,,,,,,,,RU996X2,,,,,,,,,,,
Band: 2.4G,CCK_1M,CCK_2M,CCK_5.5M,CCK_11M,OFDM_6M,OFDM_9M,OFDM_12M,OFDM_18M,OFDM_24M,OFDM36M,OFDM_48M,OFDM_54M,M0,M1,M2,M3,M4,M5,M6,M7,M8,M9,M10,M11,M0,M1,M2,M3,M4,M5,M6,M7,M8,M9,M10,M11,HT40_MCS32,M0,M1,M2,M3,M4,M5,M6,M7,M8,M9,M10,M11,M0,M1,M2,M3,M4,M5,M6,M7,M8,M9,M10,M11,M0,M1,M2,M3,M4,M5,M6,M7,M8,M9,M10,M11,M0,M1,M2,M3,M4,M5,M6,M7,M8,M9,M10,M11,M0,M1,M2,M3,M4,M5,M6,M7,M8,M9,M10,M11,M0,M1,M2,M3,M4,M5,M6,M7,M8,M9,M10,M11,M0,M1,M2,M3,M4,M5,M6,M7,M8,M9,M10,M11,M0,M1,M2,M3,M4,M5,M6,M7,M8,M9,M10,M11,M0,M1,M2,M3,M4,M5,M6,M7,M8,M9,M10,M11
Ch1,20,20,20,20,19,19,19,19,19,19,19,19,14,14,14,14,14,14,14,14,14,14,14,14,14,14,14,14,14,14,14,14,14,14,14,14,14,30,30,30,30,30,30,30,30,30,30,30,30,30,30,30,30,30,30,30,30,30,30,30,30,14,14,14,14,14,14,14,14,14,14,14,14,14,14,14,14,14,14,14,14,14,14,14,14,14,14,14,14,14,14,14,14,14,14,14,14,14,14,14,14,14,14,14,14,14,14,14,14,14,14,14,14,14,14,14,14,14,14,14,14,30,30,30,30,30,30,30,30,30,30,30,30,30,30,30,30,30,30,30,30,30,30,30,30
Ch2,22,22,22,22,21,21,21,21,21,21,21,21,20,20,20,20,20,20,20,20,20,20,20,20,14,14,14,14,14,14,14,14,14,14,14,14,14,30,30,30,30,30,30,30,30,30,30,30,30,30,30,30,30,30,30,30,30,30,30,30,30,14,14,14,14,14,14,14,14,14,14,14,14,14,14,14,14,14,14,14,14,14,14,14,14,14,14,14,14,14,14,14,14,14,14,14,14,20,20,20,20,20,20,20,20,20,20,20,20,14,14,14,14,14,14,14,14,14,14,14,14,30,30,30,30,30,30,30,30,30,30,30,30,30,30,30,30,30,30,30,30,30,30,30,30
Ch3,22,22,22,22,21,21,21,21,21,21,21,21,20,20,20,20,20,20,20,20,20,20,20,20,14,14,14,14,14,14,14,14,14,14,14,14,14,30,30,30,30,30,30,30,30,30,30,30,30,30,30,30,30,30,30,30,30,30,30,30,30,14,14,14,14,14,14,14,14,14,14,14,14,14,14,14,14,14,14,14,14,14,14,14,14,14,14,14,14,14,14,14,14,14,14,14,14,20,20,20,20,20,20,20,20,20,20,20,20,14,14,14,14,14,14,14,14,14,14,14,14,30,30,30,30,30,30,30,30,30,30,30,30,30,30,30,30,30,30,30,30,30,30,30,30
Ch4,22,22,22,22,21,21,21,21,21,21,21,21,20,20,20,20,20,20,20,20,20,20,20,20,17,17,17,17,17,17,17,17,17,17,17,17,17,30,30,30,30,30,30,30,30,30,30,30,30,30,30,30,30,30,30,30,30,30,30,30,30,17,17,17,17,17,17,17,17,17,17,17,17,17,17,17,17,17,17,17,17,17,17,17,17,17,17,17,17,17,17,17,17,17,17,17,17,20,20,20,20,20,20,20,20,20,20,20,20,17,17,17,17,17,17,17,17,17,17,17,17,30,30,30,30,30,30,30,30,30,30,30,30,30,30,30,30,30,30,30,30,30,30,30,30
Ch5,22,22,22,22,21,21,21,21,21,21,21,21,20,20,20,20,20,20,20,20,20,20,20,20,17,17,17,17,17,17,17,17,17,17,17,17,17,30,30,30,30,30,30,30,30,30,30,30,30,30,30,30,30,30,30,30,30,30,30,30,30,17,17,17,17,17,17,17,17,17,17,17,17,17,17,17,17,17,17,17,17,17,17,17,17,17,17,17,17,17,17,17,17,17,17,17,17,20,20,20,20,20,20,20,20,20,20,20,20,17,17,17,17,17,17,17,17,17,17,17,17,30,30,30,30,30,30,30,30,30,30,30,30,30,30,30,30,30,30,30,30,30,30,30,30
Ch6,22,22,22,22,21,21,21,21,21,21,21,21,20,20,20,20,20,20,20,20,20,20,20,20,17,17,17,17,17,17,17,17,17,17,17,17,17,30,30,30,30,30,30,30,30,30,30,30,30,30,30,30,30,30,30,30,30,30,30,30,30,17,17,17,17,17,17,17,17,17,17,17,17,17,17,17,17,17,17,17,17,17,17,17,17,17,17,17,17,17,17,17,17,17,17,17,17,20,20,20,20,20,20,20,20,20,20,20,20,17,17,17,17,17,17,17,17,17,17,17,17,30,30,30,30,30,30,30,30,30,30,30,30,30,30,30,30,30,30,30,30,30,30,30,30
Ch7,22,22,22,22,21,21,21,21,21,21,21,21,20,20,20,20,20,20,20,20,20,20,20,20,17,17,17,17,17,17,17,17,17,17,17,17,17,30,30,30,30,30,30,30,30,30,30,30,30,30,30,30,30,30,30,30,30,30,30,30,30,17,17,17,17,17,17,17,17,17,17,17,17,17,17,17,17,17,17,17,17,17,17,17,17,17,17,17,17,17,17,17,17,17,17,17,17,20,20,20,20,20,20,20,20,20,20,20,20,17,17,17,17,17,17,17,17,17,17,17,17,30,30,30,30,30,30,30,30,30,30,30,30,30,30,30,30,30,30,30,30,30,30,30,30
Ch8,22,22,22,22,21,21,21,21,21,21,21,21,20,20,20,20,20,20,20,20,20,20,20,20,17,17,17,17,17,17,17,17,17,17,17,17,17,30,30,30,30,30,30,30,30,30,30,30,30,30,30,30,30,30,30,30,30,30,30,30,30,17,17,17,17,17,17,17,17,17,17,17,17,17,17,17,17,17,17,17,17,17,17,17,17,17,17,17,17,17,17,17,17,17,17,17,17,20,20,20,20,20,20,20,20,20,20,20,20,17,17,17,17,17,17,17,17,17,17,17,17,30,30,30,30,30,30,30,30,30,30,30,30,30,30,30,30,30,30,30,30,30,30,30,30
Ch9,22,22,22,22,21,21,21,21,21,21,21,21,20,20,20,20,20,20,20,20,20,20,20,20,14,14,14,14,14,14,14,14,14,14,14,14,14,30,30,30,30,30,30,30,30,30,30,30,30,30,30,30,30,30,30,30,30,30,30,30,30,14,14,14,14,14,14,14,14,14,14,14,14,14,14,14,14,14,14,14,14,14,14,14,14,14,14,14,14,14,14,14,14,14,14,14,14,20,20,20,20,20,20,20,20,20,20,20,20,14,14,14,14,14,14,14,14,14,14,14,14,30,30,30,30,30,30,30,30,30,30,30,30,30,30,30,30,30,30,30,30,30,30,30,30
Ch10,22,22,22,22,21,21,21,21,21,21,21,21,20,20,20,20,20,20,20,20,20,20,20,20,14,14,14,14,14,14,14,14,14,14,14,14,14,30,30,30,30,30,30,30,30,30,30,30,30,30,30,30,30,30,30,30,30,30,30,30,30,14,14,14,14,14,14,14,14,14,14,14,14,14,14,14,14,14,14,14,14,14,14,14,14,14,14,14,14,14,14,14,14,14,14,14,14,20,20,20,20,20,20,20,20,20,20,20,20,14,14,14,14,14,14,14,14,14,14,14,14,30,30,30,30,30,30,30,30,30,30,30,30,30,30,30,30,30,30,30,30,30,30,30,30
Ch11,20,20,20,20,16,16,16,16,16,16,16,16,15,15,15,15,15,15,15,15,15,15,15,15,14,14,14,14,14,14,14,14,14,14,14,14,14,30,30,30,30,30,30,30,30,30,30,30,30,30,30,30,30,30,30,30,30,30,30,30,30,14,14,14,14,14,14,14,14,14,14,14,14,14,14,14,14,14,14,14,14,14,14,14,14,14,14,14,14,14,14,14,14,14,14,14,14,15,15,15,15,15,15,15,15,15,15,15,15,14,14,14,14,14,14,14,14,14,14,14,14,30,30,30,30,30,30,30,30,30,30,30,30,30,30,30,30,30,30,30,30,30,30,30,30
Ch12,20,20,20,20,16,16,16,16,16,16,16,16,15,15,15,15,15,15,15,15,15,15,15,15,14,14,14,14,14,14,14,14,14,14,14,14,14,30,30,30,30,30,30,30,30,30,30,30,30,30,30,30,30,30,30,30,30,30,30,30,30,14,14,14,14,14,14,14,14,14,14,14,14,14,14,14,14,14,14,14,14,14,14,14,14,14,14,14,14,14,14,14,14,14,14,14,14,15,15,15,15,15,15,15,15,15,15,15,15,14,14,14,14,14,14,14,14,14,14,14,14,30,30,30,30,30,30,30,30,30,30,30,30,30,30,30,30,30,30,30,30,30,30,30,30
Ch13,20,20,20,20,16,16,16,16,16,16,16,16,15,15,15,15,15,15,15,15,15,15,15,15,14,14,14,14,14,14,14,14,14,14,14,14,14,30,30,30,30,30,30,30,30,30,30,30,30,30,30,30,30,30,30,30,30,30,30,30,30,14,14,14,14,14,14,14,14,14,14,14,14,14,14,14,14,14,14,14,14,14,14,14,14,14,14,14,14,14,14,14,14,14,14,14,14,15,15,15,15,15,15,15,15,15,15,15,15,14,14,14,14,14,14,14,14,14,14,14,14,30,30,30,30,30,30,30,30,30,30,30,30,30,30,30,30,30,30,30,30,30,30,30,30
Ch14,20,20,20,20,16,16,16,16,16,16,16,16,15,15,15,15,15,15,15,15,15,15,15,15,14,14,14,14,14,14,14,14,14,14,14,14,14,30,30,30,30,30,30,30,30,30,30,30,30,30,30,30,30,30,30,30,30,30,30,30,30,14,14,14,14,14,14,14,14,14,14,14,14,14,14,14,14,14,14,14,14,14,14,14,14,14,14,14,14,14,14,14,14,14,14,14,14,15,15,15,15,15,15,15,15,15,15,15,15,14,14,14,14,14,14,14,14,14,14,14,14,30,30,30,30,30,30,30,30,30,30,30,30,30,30,30,30,30,30,30,30,30,30,30,30
,,,,,,,,,,,,,,,,,,,,,,,,,,,,,,,,,,,,,,,,,,,,,,,,,,,,,,,,,,,,,,,,,,,,,,,,,,,,,,,,,,,,,,,,,,,,,,,,,,,,,,,,,,,,,,,,,,,,,,,,,,,,,,,,,,,,,,,,,,,,,,,,,
# 5G Channel,CCK,,,,OFDM,,,,,,,,BW20 (HT/VHT),,,,,,,,,,,,BW40 (HT/VHT),,,,,,,,,,,,,BW80 (HT/VHT),,,,,,,,,,,,BW160 (HT/VHT),,,,,,,,,,,,RU26,,,,,,,,,,,,RU52,,,,,,,,,,,,RU106,,,,,,,,,,,,RU242,,,,,,,,,,,,RU484,,,,,,,,,,,,RU996,,,,,,,,,,,,RU996X2,,,,,,,,,,,
Band: 5G,CCK_1M,CCK_2M,CCK_5.5M,CCK_11M,OFDM_6M,OFDM_9M,OFDM_12M,OFDM_18M,OFDM_24M,OFDM36M,OFDM_48M,OFDM_54M,M0,M1,M2,M3,M4,M5,M6,M7,M8,M9,M10,M11,M0,M1,M2,M3,M4,M5,M6,M7,M8,M9,M10,M11,HT40_MCS32,M0,M1,M2,M3,M4,M5,M6,M7,M8,M9,M10,M11,M0,M1,M2,M3,M4,M5,M6,M7,M8,M9,M10,M11,M0,M1,M2,M3,M4,M5,M6,M7,M8,M9,M10,M11,M0,M1,M2,M3,M4,M5,M6,M7,M8,M9,M10,M11,M0,M1,M2,M3,M4,M5,M6,M7,M8,M9,M10,M11,M0,M1,M2,M3,M4,M5,M6,M7,M8,M9,M10,M11,M0,M1,M2,M3,M4,M5,M6,M7,M8,M9,M10,M11,M0,M1,M2,M3,M4,M5,M6,M7,M8,M9,M10,M11,M0,M1,M2,M3,M4,M5,M6,M7,M8,M9,M10,M11
Ch184,30,30,30,30,30,30,30,30,30,30,30,30,30,30,30,30,30,30,30,30,30,30,30,30,30,30,30,30,30,30,30,30,30,30,30,30,30,30,30,30,30,30,30,30,30,30,30,30,30,30,30,30,30,30,30,30,30,30,30,30,30,30,30,30,30,30,30,30,30,30,30,30,30,30,30,30,30,30,30,30,30,30,30,30,30,30,30,30,30,30,30,30,30,30,30,30,30,30,30,30,30,30,30,30,30,30,30,30,30,30,30,30,30,30,30,30,30,30,30,30,30,30,30,30,30,30,30,30,30,30,30,30,30,30,30,30,30,30,30,30,30,30,30,30,30
Ch188,30,30,30,30,30,30,30,30,30,30,30,30,30,30,30,30,30,30,30,30,30,30,30,30,30,30,30,30,30,30,30,30,30,30,30,30,30,30,30,30,30,30,30,30,30,30,30,30,30,30,30,30,30,30,30,30,30,30,30,30,30,30,30,30,30,30,30,30,30,30,30,30,30,30,30,30,30,30,30,30,30,30,30,30,30,30,30,30,30,30,30,30,30,30,30,30,30,30,30,30,30,30,30,30,30,30,30,30,30,30,30,30,30,30,30,30,30,30,30,30,30,30,30,30,30,30,30,30,30,30,30,30,30,30,30,30,30,30,30,30,30,30,30,30,30
Ch192,30,30,30,30,30,30,30,30,30,30,30,30,30,30,30,30,30,30,30,30,30,30,30,30,30,30,30,30,30,30,30,30,30,30,30,30,30,30,30,30,30,30,30,30,30,30,30,30,30,30,30,30,30,30,30,30,30,30,30,30,30,30,30,30,30,30,30,30,30,30,30,30,30,30,30,30,30,30,30,30,30,30,30,30,30,30,30,30,30,30,30,30,30,30,30,30,30,30,30,30,30,30,30,30,30,30,30,30,30,30,30,30,30,30,30,30,30,30,30,30,30,30,30,30,30,30,30,30,30,30,30,30,30,30,30,30,30,30,30,30,30,30,30,30,30
Ch196,30,30,30,30,30,30,30,30,30,30,30,30,30,30,30,30,30,30,30,30,30,30,30,30,30,30,30,30,30,30,30,30,30,30,30,30,30,30,30,30,30,30,30,30,30,30,30,30,30,30,30,30,30,30,30,30,30,30,30,30,30,30,30,30,30,30,30,30,30,30,30,30,30,30,30,30,30,30,30,30,30,30,30,30,30,30,30,30,30,30,30,30,30,30,30,30,30,30,30,30,30,30,30,30,30,30,30,30,30,30,30,30,30,30,30,30,30,30,30,30,30,30,30,30,30,30,30,30,30,30,30,30,30,30,30,30,30,30,30,30,30,30,30,30,30
Ch8,30,30,30,30,30,30,30,30,30,30,30,30,30,30,30,30,30,30,30,30,30,30,30,30,30,30,30,30,30,30,30,30,30,30,30,30,30,30,30,30,30,30,30,30,30,30,30,30,30,30,30,30,30,30,30,30,30,30,30,30,30,30,30,30,30,30,30,30,30,30,30,30,30,30,30,30,30,30,30,30,30,30,30,30,30,30,30,30,30,30,30,30,30,30,30,30,30,30,30,30,30,30,30,30,30,30,30,30,30,30,30,30,30,30,30,30,30,30,30,30,30,30,30,30,30,30,30,30,30,30,30,30,30,30,30,30,30,30,30,30,30,30,30,30,30
Ch12,30,30,30,30,30,30,30,30,30,30,30,30,30,30,30,30,30,30,30,30,30,30,30,30,30,30,30,30,30,30,30,30,30,30,30,30,30,30,30,30,30,30,30,30,30,30,30,30,30,30,30,30,30,30,30,30,30,30,30,30,30,30,30,30,30,30,30,30,30,30,30,30,30,30,30,30,30,30,30,30,30,30,30,30,30,30,30,30,30,30,30,30,30,30,30,30,30,30,30,30,30,30,30,30,30,30,30,30,30,30,30,30,30,30,30,30,30,30,30,30,30,30,30,30,30,30,30,30,30,30,30,30,30,30,30,30,30,30,30,30,30,30,30,30,30
Ch16,30,30,30,30,30,30,30,30,30,30,30,30,30,30,30,30,30,30,30,30,30,30,30,30,30,30,30,30,30,30,30,30,30,30,30,30,30,30,30,30,30,30,30,30,30,30,30,30,30,30,30,30,30,30,30,30,30,30,30,30,30,30,30,30,30,30,30,30,30,30,30,30,30,30,30,30,30,30,30,30,30,30,30,30,30,30,30,30,30,30,30,30,30,30,30,30,30,30,30,30,30,30,30,30,30,30,30,30,30,30,30,30,30,30,30,30,30,30,30,30,30,30,30,30,30,30,30,30,30,30,30,30,30,30,30,30,30,30,30,30,30,30,30,30,30
Ch36,30,30,30,30,23,23,23,23,23,23,23,23,17.5,17.5,17.5,17.5,17.5,17.5,17.5,17.5,17.5,17.5,17.5,17.5,18,18,18,18,18,18,18,18,18,18,18,18,18,16.5,16.5,16.5,16.5,16.5,16.5,16.5,16.5,16.5,16.5,16.5,16.5,30,30,30,30,30,30,30,30,30,30,30,30,16.5,16.5,16.5,16.5,16.5,16.5,16.5,16.5,16.5,16.5,16.5,16.5,16.5,16.5,16.5,16.5,16.5,16.5,16.5,16.5,16.5,16.5,16.5,16.5,16.5,16.5,16.5,16.5,16.5,16.5,16.5,16.5,16.5,16.5,16.5,16.5,17.5,17.5,17.5,17.5,17.5,17.5,17.5,17.5,17.5,17.5,17.5,17.5,18,18,18,18,18,18,18,18,18,18,18,18,16.5,16.5,16.5,16.5,16.5,16.5,16.5,16.5,16.5,16.5,16.5,16.5,30,30,30,30,30,30,30,30,30,30,30,30
Ch40 ,30,30,30,30,25,25,25,25,25,25,25,25,22,22,22,22,22,22,22,22,22,22,22,22,21,21,21,21,21,21,21,21,21,21,21,21,21,16.5,16.5,16.5,16.5,16.5,16.5,16.5,16.5,16.5,16.5,16.5,16.5,30,30,30,30,30,30,30,30,30,30,30,30,16.5,16.5,16.5,16.5,16.5,16.5,16.5,16.5,16.5,16.5,16.5,16.5,16.5,16.5,16.5,16.5,16.5,16.5,16.5,16.5,16.5,16.5,16.5,16.5,16.5,16.5,16.5,16.5,16.5,16.5,16.5,16.5,16.5,16.5,16.5,16.5,22,22,22,22,22,22,22,22,22,22,22,22,18,18,18,18,18,18,18,18,18,18,18,18,16.5,16.5,16.5,16.5,16.5,16.5,16.5,16.5,16.5,16.5,16.5,16.5,30,30,30,30,30,30,30,30,30,30,30,30
Ch44,30,30,30,30,25,25,25,25,25,25,25,25,22,22,22,22,22,22,22,22,22,22,22,22,21,21,21,21,21,21,21,21,21,21,21,21,21,16.5,16.5,16.5,16.5,16.5,16.5,16.5,16.5,16.5,16.5,16.5,16.5,30,30,30,30,30,30,30,30,30,30,30,30,16.5,16.5,16.5,16.5,16.5,16.5,16.5,16.5,16.5,16.5,16.5,16.5,16.5,16.5,16.5,16.5,16.5,16.5,16.5,16.5,16.5,16.5,16.5,16.5,16.5,16.5,16.5,16.5,16.5,16.5,16.5,16.5,16.5,16.5,16.5,16.5,22,22,22,22,22,22,22,22,22,22,22,22,21,21,21,21,21,21,21,21,21,21,21,21,16.5,16.5,16.5,16.5,16.5,16.5,16.5,16.5,16.5,16.5,16.5,16.5,30,30,30,30,30,30,30,30,30,30,30,30
Ch48 ,30,30,30,30,23,23,23,23,23,23,23,23,22,22,22,22,22,22,22,22,22,22,22,22,21,21,21,21,21,21,21,21,21,21,21,21,21,16.5,16.5,16.5,16.5,16.5,16.5,16.5,16.5,16.5,16.5,16.5,16.5,30,30,30,30,30,30,30,30,30,30,30,30,16.5,16.5,16.5,16.5,16.5,16.5,16.5,16.5,16.5,16.5,16.5,16.5,16.5,16.5,16.5,16.5,16.5,16.5,16.5,16.5,16.5,16.5,16.5,16.5,16.5,16.5,16.5,16.5,16.5,16.5,16.5,16.5,16.5,16.5,16.5,16.5,22,22,22,22,22,22,22,22,22,22,22,22,21,21,21,21,21,21,21,21,21,21,21,21,16.5,16.5,16.5,16.5,16.5,16.5,16.5,16.5,16.5,16.5,16.5,16.5,30,30,30,30,30,30,30,30,30,30,30,30
Ch52,30,30,30,30,25,25,25,25,25,25,25,25,22,22,22,22,22,22,22,22,22,22,22,22,21,21,21,21,21,21,21,21,21,21,21,21,21,16.5,16.5,16.5,16.5,16.5,16.5,16.5,16.5,16.5,16.5,16.5,16.5,30,30,30,30,30,30,30,30,30,30,30,30,16.5,16.5,16.5,16.5,16.5,16.5,16.5,16.5,16.5,16.5,16.5,16.5,16.5,16.5,16.5,16.5,16.5,16.5,16.5,16.5,16.5,16.5,16.5,16.5,16.5,16.5,16.5,16.5,16.5,16.5,16.5,16.5,16.5,16.5,16.5,16.5,22,22,22,22,22,22,22,22,22,22,22,22,21,21,21,21,21,21,21,21,21,21,21,21,16.5,16.5,16.5,16.5,16.5,16.5,16.5,16.5,16.5,16.5,16.5,16.5,30,30,30,30,30,30,30,30,30,30,30,30
Ch56,30,30,30,30,25,25,25,25,25,25,25,25,22,22,22,22,22,22,22,22,22,22,22,22,21,21,21,21,21,21,21,21,21,21,21,21,21,16.5,16.5,16.5,16.5,16.5,16.5,16.5,16.5,16.5,16.5,16.5,16.5,30,30,30,30,30,30,30,30,30,30,30,30,16.5,16.5,16.5,16.5,16.5,16.5,16.5,16.5,16.5,16.5,16.5,16.5,16.5,16.5,16.5,16.5,16.5,16.5,16.5,16.5,16.5,16.5,16.5,16.5,16.5,16.5,16.5,16.5,16.5,16.5,16.5,16.5,16.5,16.5,16.5,16.5,22,22,22,22,22,22,22,22,22,22,22,22,21,21,21,21,21,21,21,21,21,21,21,21,16.5,16.5,16.5,16.5,16.5,16.5,16.5,16.5,16.5,16.5,16.5,16.5,30,30,30,30,30,30,30,30,30,30,30,30
Ch60,30,30,30,30,25,25,25,25,25,25,25,25,22,22,22,22,22,22,22,22,22,22,22,22,21,21,21,21,21,21,21,21,21,21,21,21,21,16.5,16.5,16.5,16.5,16.5,16.5,16.5,16.5,16.5,16.5,16.5,16.5,30,30,30,30,30,30,30,30,30,30,30,30,16.5,16.5,16.5,16.5,16.5,16.5,16.5,16.5,16.5,16.5,16.5,16.5,16.5,16.5,16.5,16.5,16.5,16.5,16.5,16.5,16.5,16.5,16.5,16.5,16.5,16.5,16.5,16.5,16.5,16.5,16.5,16.5,16.5,16.5,16.5,16.5,22,22,22,22,22,22,22,22,22,22,22,22,21,21,21,21,21,21,21,21,21,21,21,21,16.5,16.5,16.5,16.5,16.5,16.5,16.5,16.5,16.5,16.5,16.5,16.5,30,30,30,30,30,30,30,30,30,30,30,30
Ch64,30,30,30,30,25,25,25,25,25,25,25,25,22,22,22,22,22,22,22,22,22,22,22,22,21,21,21,21,21,21,21,21,21,21,21,21,21,16.5,16.5,16.5,16.5,16.5,16.5,16.5,16.5,16.5,16.5,16.5,16.5,30,30,30,30,30,30,30,30,30,30,30,30,16.5,16.5,16.5,16.5,16.5,16.5,16.5,16.5,16.5,16.5,16.5,16.5,16.5,16.5,16.5,16.5,16.5,16.5,16.5,16.5,16.5,16.5,16.5,16.5,16.5,16.5,16.5,16.5,16.5,16.5,16.5,16.5,16.5,16.5,16.5,16.5,22,22,22,22,22,22,22,22,22,22,22,22,21,21,21,21,21,21,21,21,21,21,21,21,16.5,16.5,16.5,16.5,16.5,16.5,16.5,16.5,16.5,16.5,16.5,16.5,30,30,30,30,30,30,30,30,30,30,30,30
Ch68,30,30,30,30,25,25,25,25,25,25,25,25,22,22,22,22,22,22,22,22,22,22,22,22,21,21,21,21,21,21,21,21,21,21,21,21,21,16.5,16.5,16.5,16.5,16.5,16.5,16.5,16.5,16.5,16.5,16.5,16.5,30,30,30,30,30,30,30,30,30,30,30,30,16.5,16.5,16.5,16.5,16.5,16.5,16.5,16.5,16.5,16.5,16.5,16.5,16.5,16.5,16.5,16.5,16.5,16.5,16.5,16.5,16.5,16.5,16.5,16.5,16.5,16.5,16.5,16.5,16.5,16.5,16.5,16.5,16.5,16.5,16.5,16.5,22,22,22,22,22,22,22,22,22,22,22,22,21,21,21,21,21,21,21,21,21,21,21,21,16.5,16.5,16.5,16.5,16.5,16.5,16.5,16.5,16.5,16.5,16.5,16.5,30,30,30,30,30,30,30,30,30,30,30,30
Ch72,30,30,30,30,25,25,25,25,25,25,25,25,22,22,22,22,22,22,22,22,22,22,22,22,21,21,21,21,21,21,21,21,21,21,21,21,21,16.5,16.5,16.5,16.5,16.5,16.5,16.5,16.5,16.5,16.5,16.5,16.5,30,30,30,30,30,30,30,30,30,30,30,30,16.5,16.5,16.5,16.5,16.5,16.5,16.5,16.5,16.5,16.5,16.5,16.5,16.5,16.5,16.5,16.5,16.5,16.5,16.5,16.5,16.5,16.5,16.5,16.5,16.5,16.5,16.5,16.5,16.5,16.5,16.5,16.5,16.5,16.5,16.5,16.5,22,22,22,22,22,22,22,22,22,22,22,22,21,21,21,21,21,21,21,21,21,21,21,21,16.5,16.5,16.5,16.5,16.5,16.5,16.5,16.5,16.5,16.5,16.5,16.5,30,30,30,30,30,30,30,30,30,30,30,30
Ch76,30,30,30,30,25,25,25,25,25,25,25,25,22,22,22,22,22,22,22,22,22,22,22,22,21,21,21,21,21,21,21,21,21,21,21,21,21,16.5,16.5,16.5,16.5,16.5,16.5,16.5,16.5,16.5,16.5,16.5,16.5,30,30,30,30,30,30,30,30,30,30,30,30,16.5,16.5,16.5,16.5,16.5,16.5,16.5,16.5,16.5,16.5,16.5,16.5,16.5,16.5,16.5,16.5,16.5,16.5,16.5,16.5,16.5,16.5,16.5,16.5,16.5,16.5,16.5,16.5,16.5,16.5,16.5,16.5,16.5,16.5,16.5,16.5,22,22,22,22,22,22,22,22,22,22,22,22,21,21,21,21,21,21,21,21,21,21,21,21,16.5,16.5,16.5,16.5,16.5,16.5,16.5,16.5,16.5,16.5,16.5,16.5,30,30,30,30,30,30,30,30,30,30,30,30
Ch80,30,30,30,30,25,25,25,25,25,25,25,25,22,22,22,22,22,22,22,22,22,22,22,22,21,21,21,21,21,21,21,21,21,21,21,21,21,16.5,16.5,16.5,16.5,16.5,16.5,16.5,16.5,16.5,16.5,16.5,16.5,30,30,30,30,30,30,30,30,30,30,30,30,16.5,16.5,16.5,16.5,16.5,16.5,16.5,16.5,16.5,16.5,16.5,16.5,16.5,16.5,16.5,16.5,16.5,16.5,16.5,16.5,16.5,16.5,16.5,16.5,16.5,16.5,16.5,16.5,16.5,16.5,16.5,16.5,16.5,16.5,16.5,16.5,22,22,22,22,22,22,22,22,22,22,22,22,21,21,21,21,21,21,21,21,21,21,21,21,16.5,16.5,16.5,16.5,16.5,16.5,16.5,16.5,16.5,16.5,16.5,16.5,30,30,30,30,30,30,30,30,30,30,30,30
Ch84,30,30,30,30,25,25,25,25,25,25,25,25,22,22,22,22,22,22,22,22,22,22,22,22,21,21,21,21,21,21,21,21,21,21,21,21,21,16.5,16.5,16.5,16.5,16.5,16.5,16.5,16.5,16.5,16.5,16.5,16.5,30,30,30,30,30,30,30,30,30,30,30,30,16.5,16.5,16.5,16.5,16.5,16.5,16.5,16.5,16.5,16.5,16.5,16.5,16.5,16.5,16.5,16.5,16.5,16.5,16.5,16.5,16.5,16.5,16.5,16.5,16.5,16.5,16.5,16.5,16.5,16.5,16.5,16.5,16.5,16.5,16.5,16.5,22,22,22,22,22,22,22,22,22,22,22,22,21,21,21,21,21,21,21,21,21,21,21,21,16.5,16.5,16.5,16.5,16.5,16.5,16.5,16.5,16.5,16.5,16.5,16.5,30,30,30,30,30,30,30,30,30,30,30,30
Ch88,30,30,30,30,25,25,25,25,25,25,25,25,22,22,22,22,22,22,22,22,22,22,22,22,21,21,21,21,21,21,21,21,21,21,21,21,21,16.5,16.5,16.5,16.5,16.5,16.5,16.5,16.5,16.5,16.5,16.5,16.5,30,30,30,30,30,30,30,30,30,30,30,30,16.5,16.5,16.5,16.5,16.5,16.5,16.5,16.5,16.5,16.5,16.5,16.5,16.5,16.5,16.5,16.5,16.5,16.5,16.5,16.5,16.5,16.5,16.5,16.5,16.5,16.5,16.5,16.5,16.5,16.5,16.5,16.5,16.5,16.5,16.5,16.5,22,22,22,22,22,22,22,22,22,22,22,22,21,21,21,21,21,21,21,21,21,21,21,21,16.5,16.5,16.5,16.5,16.5,16.5,16.5,16.5,16.5,16.5,16.5,16.5,30,30,30,30,30,30,30,30,30,30,30,30
Ch92,30,30,30,30,25,25,25,25,25,25,25,25,22,22,22,22,22,22,22,22,22,22,22,22,21,21,21,21,21,21,21,21,21,21,21,21,21,16.5,16.5,16.5,16.5,16.5,16.5,16.5,16.5,16.5,16.5,16.5,16.5,30,30,30,30,30,30,30,30,30,30,30,30,16.5,16.5,16.5,16.5,16.5,16.5,16.5,16.5,16.5,16.5,16.5,16.5,16.5,16.5,16.5,16.5,16.5,16.5,16.5,16.5,16.5,16.5,16.5,16.5,16.5,16.5,16.5,16.5,16.5,16.5,16.5,16.5,16.5,16.5,16.5,16.5,22,22,22,22,22,22,22,22,22,22,22,22,21,21,21,21,21,21,21,21,21,21,21,21,16.5,16.5,16.5,16.5,16.5,16.5,16.5,16.5,16.5,16.5,16.5,16.5,30,30,30,30,30,30,30,30,30,30,30,30
Ch96,30,30,30,30,25,25,25,25,25,25,25,25,22,22,22,22,22,22,22,22,22,22,22,22,21,21,21,21,21,21,21,21,21,21,21,21,21,16.5,16.5,16.5,16.5,16.5,16.5,16.5,16.5,16.5,16.5,16.5,16.5,30,30,30,30,30,30,30,30,30,30,30,30,16.5,16.5,16.5,16.5,16.5,16.5,16.5,16.5,16.5,16.5,16.5,16.5,16.5,16.5,16.5,16.5,16.5,16.5,16.5,16.5,16.5,16.5,16.5,16.5,16.5,16.5,16.5,16.5,16.5,16.5,16.5,16.5,16.5,16.5,16.5,16.5,22,22,22,22,22,22,22,22,22,22,22,22,21,21,21,21,21,21,21,21,21,21,21,21,16.5,16.5,16.5,16.5,16.5,16.5,16.5,16.5,16.5,16.5,16.5,16.5,30,30,30,30,30,30,30,30,30,30,30,30
Ch100,30,30,30,30,25,25,25,25,25,25,25,25,22,22,22,22,22,22,22,22,22,22,22,22,21,21,21,21,21,21,21,21,21,21,21,21,21,16.5,16.5,16.5,16.5,16.5,16.5,16.5,16.5,16.5,16.5,16.5,16.5,30,30,30,30,30,30,30,30,30,30,30,30,16.5,16.5,16.5,16.5,16.5,16.5,16.5,16.5,16.5,16.5,16.5,16.5,16.5,16.5,16.5,16.5,16.5,16.5,16.5,16.5,16.5,16.5,16.5,16.5,16.5,16.5,16.5,16.5,16.5,16.5,16.5,16.5,16.5,16.5,16.5,16.5,22,22,22,22,22,22,22,22,22,22,22,22,21,21,21,21,21,21,21,21,21,21,21,21,16.5,16.5,16.5,16.5,16.5,16.5,16.5,16.5,16.5,16.5,16.5,16.5,30,30,30,30,30,30,30,30,30,30,30,30
Ch104,30,30,30,30,25,25,25,25,25,25,25,25,22,22,22,22,22,22,22,22,22,22,22,22,21,21,21,21,21,21,21,21,21,21,21,21,21,16.5,16.5,16.5,16.5,16.5,16.5,16.5,16.5,16.5,16.5,16.5,16.5,30,30,30,30,30,30,30,30,30,30,30,30,16.5,16.5,16.5,16.5,16.5,16.5,16.5,16.5,16.5,16.5,16.5,16.5,16.5,16.5,16.5,16.5,16.5,16.5,16.5,16.5,16.5,16.5,16.5,16.5,16.5,16.5,16.5,16.5,16.5,16.5,16.5,16.5,16.5,16.5,16.5,16.5,22,22,22,22,22,22,22,22,22,22,22,22,21,21,21,21,21,21,21,21,21,21,21,21,16.5,16.5,16.5,16.5,16.5,16.5,16.5,16.5,16.5,16.5,16.5,16.5,30,30,30,30,30,30,30,30,30,30,30,30
Ch108,30,30,30,30,25,25,25,25,25,25,25,25,22,22,22,22,22,22,22,22,22,22,22,22,21,21,21,21,21,21,21,21,21,21,21,21,21,16.5,16.5,16.5,16.5,16.5,16.5,16.5,16.5,16.5,16.5,16.5,16.5,30,30,30,30,30,30,30,30,30,30,30,30,16.5,16.5,16.5,16.5,16.5,16.5,16.5,16.5,16.5,16.5,16.5,16.5,16.5,16.5,16.5,16.5,16.5,16.5,16.5,16.5,16.5,16.5,16.5,16.5,16.5,16.5,16.5,16.5,16.5,16.5,16.5,16.5,16.5,16.5,16.5,16.5,22,22,22,22,22,22,22,22,22,22,22,22,21,21,21,21,21,21,21,21,21,21,21,21,16.5,16.5,16.5,16.5,16.5,16.5,16.5,16.5,16.5,16.5,16.5,16.5,30,30,30,30,30,30,30,30,30,30,30,30
Ch112,30,30,30,30,25,25,25,25,25,25,25,25,22,22,22,22,22,22,22,22,22,22,22,22,21,21,21,21,21,21,21,21,21,21,21,21,21,16.5,16.5,16.5,16.5,16.5,16.5,16.5,16.5,16.5,16.5,16.5,16.5,30,30,30,30,30,30,30,30,30,30,30,30,16.5,16.5,16.5,16.5,16.5,16.5,16.5,16.5,16.5,16.5,16.5,16.5,16.5,16.5,16.5,16.5,16.5,16.5,16.5,16.5,16.5,16.5,16.5,16.5,16.5,16.5,16.5,16.5,16.5,16.5,16.5,16.5,16.5,16.5,16.5,16.5,22,22,22,22,22,22,22,22,22,22,22,22,21,21,21,21,21,21,21,21,21,21,21,21,16.5,16.5,16.5,16.5,16.5,16.5,16.5,16.5,16.5,16.5,16.5,16.5,30,30,30,30,30,30,30,30,30,30,30,30
Ch116,30,30,30,30,25,25,25,25,25,25,25,25,22,22,22,22,22,22,22,22,22,22,22,22,21,21,21,21,21,21,21,21,21,21,21,21,21,16.5,16.5,16.5,16.5,16.5,16.5,16.5,16.5,16.5,16.5,16.5,16.5,30,30,30,30,30,30,30,30,30,30,30,30,16.5,16.5,16.5,16.5,16.5,16.5,16.5,16.5,16.5,16.5,16.5,16.5,16.5,16.5,16.5,16.5,16.5,16.5,16.5,16.5,16.5,16.5,16.5,16.5,16.5,16.5,16.5,16.5,16.5,16.5,16.5,16.5,16.5,16.5,16.5,16.5,22,22,22,22,22,22,22,22,22,22,22,22,21,21,21,21,21,21,21,21,21,21,21,21,16.5,16.5,16.5,16.5,16.5,16.5,16.5,16.5,16.5,16.5,16.5,16.5,30,30,30,30,30,30,30,30,30,30,30,30
Ch120,30,30,30,30,25,25,25,25,25,25,25,25,22,22,22,22,22,22,22,22,22,22,22,22,21,21,21,21,21,21,21,21,21,21,21,21,21,16.5,16.5,16.5,16.5,16.5,16.5,16.5,16.5,16.5,16.5,16.5,16.5,30,30,30,30,30,30,30,30,30,30,30,30,16.5,16.5,16.5,16.5,16.5,16.5,16.5,16.5,16.5,16.5,16.5,16.5,16.5,16.5,16.5,16.5,16.5,16.5,16.5,16.5,16.5,16.5,16.5,16.5,16.5,16.5,16.5,16.5,16.5,16.5,16.5,16.5,16.5,16.5,16.5,16.5,22,22,22,22,22,22,22,22,22,22,22,22,21,21,21,21,21,21,21,21,21,21,21,21,16.5,16.5,16.5,16.5,16.5,16.5,16.5,16.5,16.5,16.5,16.5,16.5,30,30,30,30,30,30,30,30,30,30,30,30
Ch124,30,30,30,30,25,25,25,25,25,25,25,25,22,22,22,22,22,22,22,22,22,22,22,22,21,21,21,21,21,21,21,21,21,21,21,21,21,16.5,16.5,16.5,16.5,16.5,16.5,16.5,16.5,16.5,16.5,16.5,16.5,30,30,30,30,30,30,30,30,30,30,30,30,16.5,16.5,16.5,16.5,16.5,16.5,16.5,16.5,16.5,16.5,16.5,16.5,16.5,16.5,16.5,16.5,16.5,16.5,16.5,16.5,16.5,16.5,16.5,16.5,16.5,16.5,16.5,16.5,16.5,16.5,16.5,16.5,16.5,16.5,16.5,16.5,22,22,22,22,22,22,22,22,22,22,22,22,21,21,21,21,21,21,21,21,21,21,21,21,16.5,16.5,16.5,16.5,16.5,16.5,16.5,16.5,16.5,16.5,16.5,16.5,30,30,30,30,30,30,30,30,30,30,30,30
Ch128,30,30,30,30,25,25,25,25,25,25,25,25,22,22,22,22,22,22,22,22,22,22,22,22,21,21,21,21,21,21,21,21,21,21,21,21,21,16.5,16.5,16.5,16.5,16.5,16.5,16.5,16.5,16.5,16.5,16.5,16.5,30,30,30,30,30,30,30,30,30,30,30,30,16.5,16.5,16.5,16.5,16.5,16.5,16.5,16.5,16.5,16.5,16.5,16.5,16.5,16.5,16.5,16.5,16.5,16.5,16.5,16.5,16.5,16.5,16.5,16.5,16.5,16.5,16.5,16.5,16.5,16.5,16.5,16.5,16.5,16.5,16.5,16.5,22,22,22,22,22,22,22,22,22,22,22,22,21,21,21,21,21,21,21,21,21,21,21,21,16.5,16.5,16.5,16.5,16.5,16.5,16.5,16.5,16.5,16.5,16.5,16.5,30,30,30,30,30,30,30,30,30,30,30,30
Ch132,30,30,30,30,25,25,25,25,25,25,25,25,22,22,22,22,22,22,22,22,22,22,22,22,21,21,21,21,21,21,21,21,21,21,21,21,21,16.5,16.5,16.5,16.5,16.5,16.5,16.5,16.5,16.5,16.5,16.5,16.5,30,30,30,30,30,30,30,30,30,30,30,30,16.5,16.5,16.5,16.5,16.5,16.5,16.5,16.5,16.5,16.5,16.5,16.5,16.5,16.5,16.5,16.5,16.5,16.5,16.5,16.5,16.5,16.5,16.5,16.5,16.5,16.5,16.5,16.5,16.5,16.5,16.5,16.5,16.5,16.5,16.5,16.5,22,22,22,22,22,22,22,22,22,22,22,22,21,21,21,21,21,21,21,21,21,21,21,21,16.5,16.5,16.5,16.5,16.5,16.5,16.5,16.5,16.5,16.5,16.5,16.5,30,30,30,30,30,30,30,30,30,30,30,30
Ch136,30,30,30,30,25,25,25,25,25,25,25,25,22,22,22,22,22,22,22,22,22,22,22,22,21,21,21,21,21,21,21,21,21,21,21,21,21,16.5,16.5,16.5,16.5,16.5,16.5,16.5,16.5,16.5,16.5,16.5,16.5,30,30,30,30,30,30,30,30,30,30,30,30,16.5,16.5,16.5,16.5,16.5,16.5,16.5,16.5,16.5,16.5,16.5,16.5,16.5,16.5,16.5,16.5,16.5,16.5,16.5,16.5,16.5,16.5,16.5,16.5,16.5,16.5,16.5,16.5,16.5,16.5,16.5,16.5,16.5,16.5,16.5,16.5,22,22,22,22,22,22,22,22,22,22,22,22,21,21,21,21,21,21,21,21,21,21,21,21,16.5,16.5,16.5,16.5,16.5,16.5,16.5,16.5,16.5,16.5,16.5,16.5,30,30,30,30,30,30,30,30,30,30,30,30
Ch140,30,30,30,30,25,25,25,25,25,25,25,25,22,22,22,22,22,22,22,22,22,22,22,22,21,21,21,21,21,21,21,21,21,21,21,21,21,16.5,16.5,16.5,16.5,16.5,16.5,16.5,16.5,16.5,16.5,16.5,16.5,30,30,30,30,30,30,30,30,30,30,30,30,16.5,16.5,16.5,16.5,16.5,16.5,16.5,16.5,16.5,16.5,16.5,16.5,16.5,16.5,16.5,16.5,16.5,16.5,16.5,16.5,16.5,16.5,16.5,16.5,16.5,16.5,16.5,16.5,16.5,16.5,16.5,16.5,16.5,16.5,16.5,16.5,22,22,22,22,22,22,22,22,22,22,22,22,21,21,21,21,21,21,21,21,21,21,21,21,16.5,16.5,16.5,16.5,16.5,16.5,16.5,16.5,16.5,16.5,16.5,16.5,30,30,30,30,30,30,30,30,30,30,30,30
Ch144,30,30,30,30,25,25,25,25,25,25,25,25,22,22,22,22,22,22,22,22,22,22,22,22,21,21,21,21,21,21,21,21,21,21,21,21,21,16.5,16.5,16.5,16.5,16.5,16.5,16.5,16.5,16.5,16.5,16.5,16.5,30,30,30,30,30,30,30,30,30,30,30,30,16.5,16.5,16.5,16.5,16.5,16.5,16.5,16.5,16.5,16.5,16.5,16.5,16.5,16.5,16.5,16.5,16.5,16.5,16.5,16.5,16.5,16.5,16.5,16.5,16.5,16.5,16.5,16.5,16.5,16.5,16.5,16.5,16.5,16.5,16.5,16.5,22,22,22,22,22,22,22,22,22,22,22,22,21,21,21,21,21,21,21,21,21,21,21,21,16.5,16.5,16.5,16.5,16.5,16.5,16.5,16.5,16.5,16.5,16.5,16.5,30,30,30,30,30,30,30,30,30,30,30,30
Ch149 ,30,30,30,30,25,25,25,25,25,25,25,25,25.5,25.5,25.5,25.5,25.5,25.5,25.5,25.5,25.5,25.5,25.5,25.5,24.5,24.5,24.5,24.5,24.5,24.5,24.5,24.5,24.5,24.5,24.5,24.5,24.5,22.5,22.5,22.5,22.5,22.5,22.5,22.5,22.5,22.5,22.5,22.5,22.5,30,30,30,30,30,30,30,30,30,30,30,30,22.5,22.5,22.5,22.5,22.5,22.5,22.5,22.5,22.5,22.5,22.5,22.5,22.5,22.5,22.5,22.5,22.5,22.5,22.5,22.5,22.5,22.5,22.5,22.5,22.5,22.5,22.5,22.5,22.5,22.5,22.5,22.5,22.5,22.5,22.5,22.5,25.5,25.5,25.5,25.5,25.5,25.5,25.5,25.5,25.5,25.5,25.5,25.5,24.5,24.5,24.5,24.5,24.5,24.5,24.5,24.5,24.5,24.5,24.5,24.5,22.5,22.5,22.5,22.5,22.5,22.5,22.5,22.5,22.5,22.5,22.5,22.5,30,30,30,30,30,30,30,30,30,30,30,30
Ch153,30,30,30,30,25,25,25,25,25,25,25,25,25.5,25.5,25.5,25.5,25.5,25.5,25.5,25.5,25.5,25.5,25.5,25.5,24.5,24.5,24.5,24.5,24.5,24.5,24.5,24.5,24.5,24.5,24.5,24.5,24.5,22.5,22.5,22.5,22.5,22.5,22.5,22.5,22.5,22.5,22.5,22.5,22.5,30,30,30,30,30,30,30,30,30,30,30,30,22.5,22.5,22.5,22.5,22.5,22.5,22.5,22.5,22.5,22.5,22.5,22.5,22.5,22.5,22.5,22.5,22.5,22.5,22.5,22.5,22.5,22.5,22.5,22.5,22.5,22.5,22.5,22.5,22.5,22.5,22.5,22.5,22.5,22.5,22.5,22.5,25.5,25.5,25.5,25.5,25.5,25.5,25.5,25.5,25.5,25.5,25.5,25.5,24.5,24.5,24.5,24.5,24.5,24.5,24.5,24.5,24.5,24.5,24.5,24.5,22.5,22.5,22.5,22.5,22.5,22.5,22.5,22.5,22.5,22.5,22.5,22.5,30,30,30,30,30,30,30,30,30,30,30,30
Ch157 ,30,30,30,30,25,25,25,25,25,25,25,25,25.5,25.5,25.5,25.5,25.5,25.5,25.5,25.5,25.5,25.5,25.5,25.5,25,25,25,25,25,25,25,25,25,25,25,25,25,22.5,22.5,22.5,22.5,22.5,22.5,22.5,22.5,22.5,22.5,22.5,22.5,30,30,30,30,30,30,30,30,30,30,30,30,22.5,22.5,22.5,22.5,22.5,22.5,22.5,22.5,22.5,22.5,22.5,22.5,22.5,22.5,22.5,22.5,22.5,22.5,22.5,22.5,22.5,22.5,22.5,22.5,22.5,22.5,22.5,22.5,22.5,22.5,22.5,22.5,22.5,22.5,22.5,22.5,25.5,25.5,25.5,25.5,25.5,25.5,25.5,25.5,25.5,25.5,25.5,25.5,25,25,25,25,25,25,25,25,25,25,25,25,22.5,22.5,22.5,22.5,22.5,22.5,22.5,22.5,22.5,22.5,22.5,22.5,30,30,30,30,30,30,30,30,30,30,30,30
Ch161,30,30,30,30,25,25,25,25,25,25,25,25,25,25,25,25,25,25,25,25,25,25,25,25,25.5,25.5,25.5,25.5,25.5,25.5,25.5,25.5,25.5,25.5,25.5,25.5,25.5,22.5,22.5,22.5,22.5,22.5,22.5,22.5,22.5,22.5,22.5,22.5,22.5,30,30,30,30,30,30,30,30,30,30,30,30,22.5,22.5,22.5,22.5,22.5,22.5,22.5,22.5,22.5,22.5,22.5,22.5,22.5,22.5,22.5,22.5,22.5,22.5,22.5,22.5,22.5,22.5,22.5,22.5,22.5,22.5,22.5,22.5,22.5,22.5,22.5,22.5,22.5,22.5,22.5,22.5,25,25,25,25,25,25,25,25,25,25,25,25,25.5,25.5,25.5,25.5,25.5,25.5,25.5,25.5,25.5,25.5,25.5,25.5,22.5,22.5,22.5,22.5,22.5,22.5,22.5,22.5,22.5,22.5,22.5,22.5,30,30,30,30,30,30,30,30,30,30,30,30
Ch165 ,30,30,30,30,25,25,25,25,25,25,25,25,25,25,25,25,25,25,25,25,25,25,25,25,25.5,25.5,25.5,25.5,25.5,25.5,25.5,25.5,25.5,25.5,25.5,25.5,25.5,22.5,22.5,22.5,22.5,22.5,22.5,22.5,22.5,22.5,22.5,22.5,22.5,30,30,30,30,30,30,30,30,30,30,30,30,22.5,22.5,22.5,22.5,22.5,22.5,22.5,22.5,22.5,22.5,22.5,22.5,22.5,22.5,22.5,22.5,22.5,22.5,22.5,22.5,22.5,22.5,22.5,22.5,22.5,22.5,22.5,22.5,22.5,22.5,22.5,22.5,22.5,22.5,22.5,22.5,25,25,25,25,25,25,25,25,25,25,25,25,25.5,25.5,25.5,25.5,25.5,25.5,25.5,25.5,25.5,25.5,25.5,25.5,22.5,22.5,22.5,22.5,22.5,22.5,22.5,22.5,22.5,22.5,22.5,22.5,30,30,30,30,30,30,30,30,30,30,30,30
Ch169,30,30,30,30,30,30,30,30,30,30,30,30,30,30,30,30,30,30,30,30,30,30,30,30,30,30,30,30,30,30,30,30,30,30,30,30,30,30,30,30,30,30,30,30,30,30,30,30,30,30,30,30,30,30,30,30,30,30,30,30,30,30,30,30,30,30,30,30,30,30,30,30,30,30,30,30,30,30,30,30,30,30,30,30,30,30,30,30,30,30,30,30,30,30,30,30,30,30,30,30,30,30,30,30,30,30,30,30,30,30,30,30,30,30,30,30,30,30,30,30,30,30,30,30,30,30,30,30,30,30,30,30,30,30,30,30,30,30,30,30,30,30,30,30,30
Ch173,30,30,30,30,30,30,30,30,30,30,30,30,30,30,30,30,30,30,30,30,30,30,30,30,30,30,30,30,30,30,30,30,30,30,30,30,30,30,30,30,30,30,30,30,30,30,30,30,30,30,30,30,30,30,30,30,30,30,30,30,30,30,30,30,30,30,30,30,30,30,30,30,30,30,30,30,30,30,30,30,30,30,30,30,30,30,30,30,30,30,30,30,30,30,30,30,30,30,30,30,30,30,30,30,30,30,30,30,30,30,30,30,30,30,30,30,30,30,30,30,30,30,30,30,30,30,30,30,30,30,30,30,30,30,30,30,30,30,30,30,30,30,30,30,30
Ch177,30,30,30,30,30,30,30,30,30,30,30,30,30,30,30,30,30,30,30,30,30,30,30,30,30,30,30,30,30,30,30,30,30,30,30,30,30,30,30,30,30,30,30,30,30,30,30,30,30,30,30,30,30,30,30,30,30,30,30,30,30,30,30,30,30,30,30,30,30,30,30,30,30,30,30,30,30,30,30,30,30,30,30,30,30,30,30,30,30,30,30,30,30,30,30,30,30,30,30,30,30,30,30,30,30,30,30,30,30,30,30,30,30,30,30,30,30,30,30,30,30,30,30,30,30,30,30,30,30,30,30,30,30,30,30,30,30,30,30,30,30,30,30,30,30
Ch181,30,30,30,30,30,30,30,30,30,30,30,30,30,30,30,30,30,30,30,30,30,30,30,30,30,30,30,30,30,30,30,30,30,30,30,30,30,30,30,30,30,30,30,30,30,30,30,30,30,30,30,30,30,30,30,30,30,30,30,30,30,30,30,30,30,30,30,30,30,30,30,30,30,30,30,30,30,30,30,30,30,30,30,30,30,30,30,30,30,30,30,30,30,30,30,30,30,30,30,30,30,30,30,30,30,30,30,30,30,30,30,30,30,30,30,30,30,30,30,30,30,30,30,30,30,30,30,30,30,30,30,30,30,30,30,30,30,30,30,30,30,30,30,30,30
