# Single SKU Max Power Table (unit is dBm)                                                       
# 2.4G Channel CCK    OFDM        VHT20          VHT40          TxStreamCapability_Delta   TxSpatialStream_Delta                   
Band: 2.4G CCK_1M CCK_2M CCK_5.5M CCK_12M OFDM_6M OFDM_9M OFDM_12M OFDM_18M OFDM_24M OFDM_36M OFDM_48M OFDM_54M VHT20_MCS0 VHT20_MCS1 VHT20_MCS2 VHT20_MCS3 VHT20_MCS4 VHT20_MCS5 VHT20_MCS6 VHT20_MCS7 VHT20_MCS8 VHT20_MCS9 VHT40_MCS0 VHT40_MCS1 VHT40_MCS2 VHT40_MCS3 VHT40_MCS4 VHT40_MCS5 VHT40_MCS6 VHT40_MCS7 VHT40_MCS8 VHT40_MCS9 Txstream_3T Txstream_2T Txstream_1T Txstream_1SS Txstream_2SS Txstream_3SS Txstream_4SS                
Ch1 16  16  16  16  16  16 16 11 11  11  11  11 11 11 11 11  11  11  11 11 11 1 3 6 0 3 5 6                
Ch2 16  16  16  16  16  16 16 11 11  11  11  11 11 11 11 11  11  11  11 11 11 1 3 6 0 3 5 6                
Ch3 16  16  16  16  16  16 16 11 11  11  11  11 11 11 11 11  11  11  11 11 11 1 3 6 0 3 5 6                
Ch4 16  16  16  16  16  16 16 11 11  11  11  11 11 11 11 11  11  11  11 11 11 1 3 6 0 3 5 6                
Ch5 16  16  16  16  16  16 16 11 11  11  11  11 11 11 11 11  11  11  11 11 11 1 3 6 0 3 5 6                
Ch6 16  16  16  16  16  16 16 11 11  11  11  11 11 11 11 11  11  11  11 11 11 1 3 6 0 3 5 6                
Ch7 16  16  16  16  16  16 16 11 11  11  11  11 11 11 11 11  11  11  11 11 11 1 3 6 0 3 5 6                
Ch8 16  16  16  16  16  16 16 11 11  11  11  11 11 11 11 11  11  11  11 11 11 1 3 6 0 3 5 6                
Ch9 16  16  16  16  16  16 16 11 11  11  11  11 11 11 11 11  11  11  11 11 11 1 3 6 0 3 5 6                
Ch10 16  16  16  16  16  16 16 11 11  11  11  11 11 11 11 11  11  11  11 11 11 1 3 6 0 3 5 6                
Ch12 16  16  16  16  16  16 16 11 11  11  11  11 11 11 11 11  11  11  11 11 11 1 3 6 0 3 5 6                
Ch12 16  16  16  16  16  16 16 11 11  11  11  11 11 11 11 11  11  11  11 11 11 1 3 6 0 3 5 6                
Ch13 16  16  16  16  16  16 16 11 11  11  11  11 11 11 11 11  11  11  11 11 11 1 3 6 0 3 5 6                
Ch14 16  16  16  16  16  16 16 11 11  11  11  11 11 11 11 11  11  11  11 11 11 1 3 6 0 3 5 6                
                                                       
# 5G Channel OFDM        VHT20          VHT40          VHT80          VHT160          Txstream_Delta   TxSpatialStream_Delta   
Band: 5G OFDM_6M OFDM_9M OFDM_12M OFDM_18M OFDM_24M OFDM_36M OFDM_48M OFDM_54M VHT20_MCS0 VHT20_MCS1 VHT20_MCS2 VHT20_MCS3 VHT20_MCS4 VHT20_MCS5 VHT20_MCS6 VHT20_MCS7 VHT20_MCS8 VHT20_MCS9 VHT40_MCS0 VHT40_MCS1 VHT40_MCS2 VHT40_MCS3 VHT40_MCS4 VHT40_MCS5 VHT40_MCS6 VHT40_MCS7 VHT40_MCS8 VHT40_MCS9 VHT80_MCS0 VHT80_MCS1 VHT80_MCS2 VHT80_MCS3 VHT80_MCS4 VHT80_MCS5 VHT80_MCS6 VHT80_MCS7 VHT80_MCS8 VHT80_MCS9 VHT160_MCS0 VHT160_MCS1 VHT160_MCS2 VHT160_MCS3 VHT160_MCS4 VHT160_MCS5 VHT160_MCS6 VHT160_MCS7 VHT160_MCS8 VHT160_MCS9 Txstream_3T Txstream_2T Txstream_1T Txstream_1SS Txstream_2SS Txstream_3SS Txstream_4SS
Ch184 18  18  18  18 18 13 13  13  13  13 13 13 13 13  13  13  13 13 13 13 13  13  13  13 13 13 9 9  9  9  9 9 9 1 3 6 0 3 5 6
Ch188 18  18  18  18 18 13 13  13  13  13 13 13 13 13  13  13  13 13 13 13 13  13  13  13 13 13 9 9  9  9  9 9 9 1 3 6 0 3 5 6
Ch192 18  18  18  18 18 13 13  13  13  13 13 13 13 13  13  13  13 13 13 13 13  13  13  13 13 13 9 9  9  9  9 9 9 1 3 6 0 3 5 6
Ch196 18  18  18  18 18 13 13  13  13  13 13 13 13 13  13  13  13 13 13 13 13  13  13  13 13 13 9 9  9  9  9 9 9 1 3 6 0 3 5 6
Ch8 18  18  18  18 18 13 13  13  13  13 13 13 13 13  13  13  13 13 13 13 13  13  13  13 13 13 9 9  9  9  9 9 9 1 3 6 0 3 5 6
Ch12 18  18  18  18 18 13 13  13  13  13 13 13 13 13  13  13  13 13 13 13 13  13  13  13 13 13 9 9  9  9  9 9 9 1 3 6 0 3 5 6
Ch16 18  18  18  18 18 13 13  13  13  13 13 13 13 13  13  13  13 13 13 13 13  13  13  13 13 13 9 9  9  9  9 9 9 1 3 6 0 3 5 6
Ch36 18  18  18  18 18 13 13  13  13  13 13 13 13 13  13  13  13 13 13 13 13  13  13  13 13 13 9 9  9  9  9 9 9 1 3 6 0 3 5 6
Ch40 18  18  18  18 18 13 13  13  13  13 13 13 13 13  13  13  13 13 13 13 13  13  13  13 13 13 9 9  9  9  9 9 9 1 3 6 0 3 5 6
Ch44 18  18  18  18 18 13 13  13  13  13 13 13 13 13  13  13  13 13 13 13 13  13  13  13 13 13 9 9  9  9  9 9 9 1 3 6 0 3 5 6
Ch48 18  18  18  18 18 13 13  13  13  13 13 13 13 13  13  13  13 13 13 13 13  13  13  13 13 13 9 9  9  9  9 9 9 1 3 6 0 3 5 6
Ch52 18  18  18  18 18 13 13  13  13  13 13 13 13 13  13  13  13 13 13 13 13  13  13  13 13 13 9 9  9  9  9 9 9 1 3 6 0 3 5 6
Ch56 18  18  18  18 18 13 13  13  13  13 13 13 13 13  13  13  13 13 13 13 13  13  13  13 13 13 9 9  9  9  9 9 9 1 3 6 0 3 5 6
Ch60 18  18  18  18 18 13 13  13  13  13 13 13 13 13  13  13  13 13 13 13 13  13  13  13 13 13 9 9  9  9  9 9 9 1 3 6 0 3 5 6
Ch64 18  18  18  18 18 13 13  13  13  13 13 13 13 13  13  13  13 13 13 13 13  13  13  13 13 13 9 9  9  9  9 9 9 1 3 6 0 3 5 6
Ch68 18  18  18  18 18 13 13  13  13  13 13 13 13 13  13  13  13 13 13 13 13  13  13  13 13 13 9 9  9  9  9 9 9 1 3 6 0 3 5 6
Ch72 18  18  18  18 18 13 13  13  13  13 13 13 13 13  13  13  13 13 13 13 13  13  13  13 13 13 9 9  9  9  9 9 9 1 3 6 0 3 5 6
Ch76 18  18  18  18 18 13 13  13  13  13 13 13 13 13  13  13  13 13 13 13 13  13  13  13 13 13 9 9  9  9  9 9 9 1 3 6 0 3 5 6
Ch80 18  18  18  18 18 13 13  13  13  13 13 13 13 13  13  13  13 13 13 13 13  13  13  13 13 13 9 9  9  9  9 9 9 1 3 6 0 3 5 6
Ch84 18  18  18  18 18 13 13  13  13  13 13 13 13 13  13  13  13 13 13 13 13  13  13  13 13 13 9 9  9  9  9 9 9 1 3 6 0 3 5 6
Ch88 18  18  18  18 18 13 13  13  13  13 13 13 13 13  13  13  13 13 13 13 13  13  13  13 13 13 9 9  9  9  9 9 9 1 3 6 0 3 5 6
Ch92 18  18  18  18 18 13 13  13  13  13 13 13 13 13  13  13  13 13 13 13 13  13  13  13 13 13 9 9  9  9  9 9 9 1 3 6 0 3 5 6
Ch96 18  18  18  18 18 13 13  13  13  13 13 13 13 13  13  13  13 13 13 13 13  13  13  13 13 13 9 9  9  9  9 9 9 1 3 6 0 3 5 6
Ch100 25  25  25  25 25 19 19  19  19  19 19 19 19 19  19  19  19 19 19 19 19  19  19  19 19 19 9 9  9  9  9 9 9 1 3 6 0 3 5 6
Ch104 25  25  25  25 25 19 19  19  19  19 19 19 19 19  19  19  19 19 19 19 19  19  19  19 19 19 9 9  9  9  9 9 9 1 3 6 0 3 5 6
Ch108 25  25  25  25 25 19 19  19  19  19 19 19 19 19  19  19  19 19 19 19 19  19  19  19 19 19 9 9  9  9  9 9 9 1 3 6 0 3 5 6
Ch122 25  25  25  25 25 19 19  19  19  19 19 19 19 19  19  19  19 19 19 19 19  19  19  19 19 19 9 9  9  9  9 9 9 1 3 6 0 3 5 6
Ch126 25  25  25  25 25 19 19  19  19  19 19 19 19 19  19  19  19 19 19 19 19  19  19  19 19 19 9 9  9  9  9 9 9 1 3 6 0 3 5 6
Ch120 25  25  25  25 25 19 19  19  19  19 19 19 19 19  19  19  19 19 19 19 19  19  19  19 19 19 9 9  9  9  9 9 9 1 3 6 0 3 5 6
Ch124 25  25  25  25 25 19 19  19  19  19 19 19 19 19  19  19  19 19 19 19 19  19  19  19 19 19 9 9  9  9  9 9 9 1 3 6 0 3 5 6
Ch128 25  25  25  25 25 19 19  19  19  19 19 19 19 19  19  19  19 19 19 19 19  19  19  19 19 19 9 9  9  9  9 9 9 1 3 6 0 3 5 6
Ch132 25  25  25  25 25 19 19  19  19  19 19 19 19 19  19  19  19 19 19 19 19  19  19  19 19 19 9 9  9  9  9 9 9 1 3 6 0 3 5 6
Ch136 25  25  25  25 25 19 19  19  19  19 19 19 19 19  19  19  19 19 19 19 19  19  19  19 19 19 9 9  9  9  9 9 9 1 3 6 0 3 5 6
Ch140 25  25  25  25 25 19 19  19  19  19 19 19 19 19  19  19  19 19 19 19 19  19  19  19 19 19 9 9  9  9  9 9 9 1 3 6 0 3 5 6
Ch144 25  25  25  25 25 19 19  19  19  19 19 19 19 19  19  19  19 19 19 19 19  19  19  19 19 19 9 9  9  9  9 9 9 1 3 6 0 3 5 6
Ch149 25  25  25  25 25 19 19  19  19  19 19 19 19 19  19  19  19 19 19 19 19  19  19  19 19 19 9 9  9  9  9 9 9 1 3 6 0 3 5 6
Ch153 25  25  25  25 25 19 19  19  19  19 19 19 19 19  19  19  19 19 19 19 19  19  19  19 19 19 9 9  9  9  9 9 9 1 3 6 0 3 5 6
Ch157 25  25  25  25 25 19 19  19  19  19 19 19 19 19  19  19  19 19 19 19 19  19  19  19 19 19 9 9  9  9  9 9 9 1 3 6 0 3 5 6
Ch161 25  25  25  25 25 19 19  19  19  19 19 19 19 19  19  19  19 19 19 19 19  19  19  19 19 19 9 9  9  9  9 9 9 1 3 6 0 3 5 6
Ch165 25  25  25  25 25 19 19  19  19  19 19 19 19 19  19  19  19 19 19 19 19  19  19  19 19 19 9 9  9  9  9 9 9 1 3 6 0 3 5 6
Ch169 25  25  25  25 25 19 19  19  19  19 19 19 19 19  19  19  19 19 19 19 19  19  19  19 19 19 9 9  9  9  9 9 9 1 3 6 0 3 5 6
Ch173 25  25  25  25 25 19 19  19  19  19 19 19 19 19  19  19  19 19 19 19 19  19  19  19 19 19 9 9  9  9  9 9 9 1 3 6 0 3 5 6
Ch177 25  25  25  25 25 19 19  19  19  19 19 19 19 19  19  19  19 19 19 19 19  19  19  19 19 19 9 9  9  9  9 9 9 1 3 6 0 3 5 6
Ch181 25  25  25  25 25 19 19  19  19  19 19 19 19 19  19  19  19 19 19 19 19  19  19  19 19 19 9 9  9  9  9 9 9 1 3 6 0 3 5 6
