"# Backoff Power Limit Table (unit is 1 dBm, resolution level is ?0.5 dBm)",,,,,,,,,,,,,,,,,,,,,,,,,,,,,,,,,,,,,,,,,,,,,,,,,,,,,,,,,,,,,,,,,,,,,,,,,,,,,,,,,,,,,,,,,,,,,,,,,,,,,,,,,,,,,,,,,,,,,,,,,,,,,,,,,,,,,,,,,,,,,,,,,,,
# 2.4G Channel,CCK,,,,OFDM,,,,,,,BW20 (HT/VHT),,,,,,,,,,,,,,,,,,,BW40 (HT/VHT),,,,,,,,,,,,,,,,,,,BW80 (HT/VHT),,,,,,,,,,,,,,,,,,,BW160 (HT/VHT),,,,,,,,,,,,,,,,,,,RU26,,,,,,,,,,,,,,,,,,,,RU52,,,,,,,,,,,,,,,,,,,,RU106,,,,,,,,,,,,,,,,,,,
,BF OFF,,,,BF OFF,,,,BF ON,,,BF OFF,,,,,,,,,,,,,,,,,,,BF OFF,,,,,,,,,,,,,,,,,,,BF OFF,,,,,,,,,,,,,,,,,,,BF OFF,,,,,,,,,,,,,,,,,,,BF OFF,,,,,,,,,,BF ON,,,,,,,,,,BF OFF,,,,,,,,,,BF ON,,,,,,,,,,BF OFF,,,,,,,,,,BF ON,,,,,,,,,
Band: 2.4G,1T1ss,2T1ss,3T1ss,4T1ss,1T1ss,2T1ss,3T1ss,4T1ss,2T1ss,3T1ss,4T1ss,1T1ss,2T1ss,3T1ss,4T1ss,2T2ss,3T2ss,4T2ss,3T3ss,4T3ss,4T4ss,2T1ss,3T1ss,4T1ss,2T2ss,3T2ss,4T2ss,3T3ss,4T3ss,4T4ss,1T1ss,2T1ss,3T1ss,4T1ss,2T2ss,3T2ss,4T2ss,3T3ss,4T3ss,4T4ss,2T1ss,3T1ss,4T1ss,2T2ss,3T2ss,4T2ss,3T3ss,4T3ss,4T4ss,1T1ss,2T1ss,3T1ss,4T1ss,2T2ss,3T2ss,4T2ss,3T3ss,4T3ss,4T4ss,2T1ss,3T1ss,4T1ss,2T2ss,3T2ss,4T2ss,3T3ss,4T3ss,4T4ss,1T1ss,2T1ss,3T1ss,4T1ss,2T2ss,3T2ss,4T2ss,3T3ss,4T3ss,4T4ss,2T1ss,3T1ss,4T1ss,2T2ss,3T2ss,4T2ss,3T3ss,4T3ss,4T4ss,1T1ss,2T1ss,3T1ss,4T1ss,2T2ss,3T2ss,4T2ss,3T3ss,4T3ss,4T4ss,1T1ss,2T1ss,3T1ss,4T1ss,2T2ss,3T2ss,4T2ss,3T3ss,4T3ss,4T4ss,1T1ss,2T1ss,3T1ss,4T1ss,2T2ss,3T2ss,4T2ss,3T3ss,4T3ss,4T4ss,1T1ss,2T1ss,3T1ss,4T1ss,2T2ss,3T2ss,4T2ss,3T3ss,4T3ss,4T4ss,1T1ss,2T1ss,3T1ss,4T1ss,2T2ss,3T2ss,4T2ss,3T3ss,4T3ss,4T4ss,1T1ss,2T1ss,3T1ss,4T1ss,2T2ss,3T2ss,4T2ss,3T3ss,4T3ss,4T4ss
Ch1,21.5,21.5,21.5,21.5,18.5,18.5,18.5,18.5,18.5,18.5,18.5,15.5,15.5,15.5,15.5,15.5,15.5,15.5,15.5,15.5,15.5,15.5,15.5,15.5,15.5,15.5,15.5,15.5,15.5,15.5,14,14,14,14,14,14,14,14,14,14,14,14,14,14,14,14,14,14,14,14,14,14,14,14,14,14,14,14,14,14,14,14,14,14,14,14,14,14,14,14,14,14,14,14,14,14,14,14,14,14,14,14,14,14,14,14,14,15.5,15.5,15.5,15.5,15.5,15.5,15.5,15.5,15.5,15.5,15.5,15.5,15.5,15.5,15.5,15.5,15.5,15.5,15.5,15.5,14,14,14,14,14,14,14,14,14,14,14,14,14,14,14,14,14,14,14,14,14,14,14,14,14,14,14,14,14,14,14,14,14,14,14,14,14,14,14,14
Ch2,22,22,22,22,24.5,24.5,24.5,24.5,24.5,24.5,24.5,24,24,24,24,24,24,24,24,24,24,24,24,24,24,24,24,24,24,24,14,14,14,14,14,14,14,14,14,14,14,14,14,14,14,14,14,14,14,14,14,14,14,14,14,14,14,14,14,14,14,14,14,14,14,14,14,14,14,14,14,14,14,14,14,14,14,14,14,14,14,14,14,14,14,14,14,24,24,24,24,24,24,24,24,24,24,24,24,24,24,24,24,24,24,24,24,14,14,14,14,14,14,14,14,14,14,14,14,14,14,14,14,14,14,14,14,14,14,14,14,14,14,14,14,14,14,14,14,14,14,14,14,14,14,14,14
Ch3,22,22,22,22,24.5,24.5,24.5,24.5,24.5,24.5,24.5,24,24,24,24,24,24,24,24,24,24,24,24,24,24,24,24,24,24,24,14,14,14,14,14,14,14,14,14,14,14,14,14,14,14,14,14,14,14,14,14,14,14,14,14,14,14,14,14,14,14,14,14,14,14,14,14,14,14,14,14,14,14,14,14,14,14,14,14,14,14,14,14,14,14,14,14,24,24,24,24,24,24,24,24,24,24,24,24,24,24,24,24,24,24,24,24,14,14,14,14,14,14,14,14,14,14,14,14,14,14,14,14,14,14,14,14,14,14,14,14,14,14,14,14,14,14,14,14,14,14,14,14,14,14,14,14
Ch4,22,22,22,22,24.5,24.5,24.5,24.5,24.5,24.5,24.5,24,24,24,24,24,24,24,24,24,24,24,24,24,24,24,24,24,24,24,17.5,17.5,17.5,17.5,17.5,17.5,17.5,17.5,17.5,17.5,17.5,17.5,17.5,17.5,17.5,17.5,17.5,17.5,17.5,17.5,17.5,17.5,17.5,17.5,17.5,17.5,17.5,17.5,17.5,17.5,17.5,17.5,17.5,17.5,17.5,17.5,17.5,17.5,17.5,17.5,17.5,17.5,17.5,17.5,17.5,17.5,17.5,17.5,17.5,17.5,17.5,17.5,17.5,17.5,17.5,17.5,17.5,24,24,24,24,24,24,24,24,24,24,24,24,24,24,24,24,24,24,24,24,17.5,17.5,17.5,17.5,17.5,17.5,17.5,17.5,17.5,17.5,17.5,17.5,17.5,17.5,17.5,17.5,17.5,17.5,17.5,17.5,17.5,17.5,17.5,17.5,17.5,17.5,17.5,17.5,17.5,17.5,17.5,17.5,17.5,17.5,17.5,17.5,17.5,17.5,17.5,17.5
Ch5,22,22,22,22,24.5,24.5,24.5,24.5,24.5,24.5,24.5,24,24,24,24,24,24,24,24,24,24,24,24,24,24,24,24,24,24,24,17.5,17.5,17.5,17.5,17.5,17.5,17.5,17.5,17.5,17.5,17.5,17.5,17.5,17.5,17.5,17.5,17.5,17.5,17.5,17.5,17.5,17.5,17.5,17.5,17.5,17.5,17.5,17.5,17.5,17.5,17.5,17.5,17.5,17.5,17.5,17.5,17.5,17.5,17.5,17.5,17.5,17.5,17.5,17.5,17.5,17.5,17.5,17.5,17.5,17.5,17.5,17.5,17.5,17.5,17.5,17.5,17.5,24,24,24,24,24,24,24,24,24,24,24,24,24,24,24,24,24,24,24,24,17.5,17.5,17.5,17.5,17.5,17.5,17.5,17.5,17.5,17.5,17.5,17.5,17.5,17.5,17.5,17.5,17.5,17.5,17.5,17.5,17.5,17.5,17.5,17.5,17.5,17.5,17.5,17.5,17.5,17.5,17.5,17.5,17.5,17.5,17.5,17.5,17.5,17.5,17.5,17.5
Ch6,22,22,22,22,24.5,24.5,24.5,24.5,24.5,24.5,24.5,24,24,24,24,24,24,24,24,24,24,24,24,24,24,24,24,24,24,24,17.5,17.5,17.5,17.5,17.5,17.5,17.5,17.5,17.5,17.5,17.5,17.5,17.5,17.5,17.5,17.5,17.5,17.5,17.5,17.5,17.5,17.5,17.5,17.5,17.5,17.5,17.5,17.5,17.5,17.5,17.5,17.5,17.5,17.5,17.5,17.5,17.5,17.5,17.5,17.5,17.5,17.5,17.5,17.5,17.5,17.5,17.5,17.5,17.5,17.5,17.5,17.5,17.5,17.5,17.5,17.5,17.5,24,24,24,24,24,24,24,24,24,24,24,24,24,24,24,24,24,24,24,24,17.5,17.5,17.5,17.5,17.5,17.5,17.5,17.5,17.5,17.5,17.5,17.5,17.5,17.5,17.5,17.5,17.5,17.5,17.5,17.5,17.5,17.5,17.5,17.5,17.5,17.5,17.5,17.5,17.5,17.5,17.5,17.5,17.5,17.5,17.5,17.5,17.5,17.5,17.5,17.5
Ch7,22,22,22,22,24.5,24.5,24.5,24.5,24.5,24.5,24.5,24,24,24,24,24,24,24,24,24,24,24,24,24,24,24,24,24,24,24,17.5,17.5,17.5,17.5,17.5,17.5,17.5,17.5,17.5,17.5,17.5,17.5,17.5,17.5,17.5,17.5,17.5,17.5,17.5,17.5,17.5,17.5,17.5,17.5,17.5,17.5,17.5,17.5,17.5,17.5,17.5,17.5,17.5,17.5,17.5,17.5,17.5,17.5,17.5,17.5,17.5,17.5,17.5,17.5,17.5,17.5,17.5,17.5,17.5,17.5,17.5,17.5,17.5,17.5,17.5,17.5,17.5,24,24,24,24,24,24,24,24,24,24,24,24,24,24,24,24,24,24,24,24,17.5,17.5,17.5,17.5,17.5,17.5,17.5,17.5,17.5,17.5,17.5,17.5,17.5,17.5,17.5,17.5,17.5,17.5,17.5,17.5,17.5,17.5,17.5,17.5,17.5,17.5,17.5,17.5,17.5,17.5,17.5,17.5,17.5,17.5,17.5,17.5,17.5,17.5,17.5,17.5
Ch8,22,22,22,22,24.5,24.5,24.5,24.5,24.5,24.5,24.5,24,24,24,24,24,24,24,24,24,24,24,24,24,24,24,24,24,24,24,17.5,17.5,17.5,17.5,17.5,17.5,17.5,17.5,17.5,17.5,17.5,17.5,17.5,17.5,17.5,17.5,17.5,17.5,17.5,17.5,17.5,17.5,17.5,17.5,17.5,17.5,17.5,17.5,17.5,17.5,17.5,17.5,17.5,17.5,17.5,17.5,17.5,17.5,17.5,17.5,17.5,17.5,17.5,17.5,17.5,17.5,17.5,17.5,17.5,17.5,17.5,17.5,17.5,17.5,17.5,17.5,17.5,24,24,24,24,24,24,24,24,24,24,24,24,24,24,24,24,24,24,24,24,17.5,17.5,17.5,17.5,17.5,17.5,17.5,17.5,17.5,17.5,17.5,17.5,17.5,17.5,17.5,17.5,17.5,17.5,17.5,17.5,17.5,17.5,17.5,17.5,17.5,17.5,17.5,17.5,17.5,17.5,17.5,17.5,17.5,17.5,17.5,17.5,17.5,17.5,17.5,17.5
Ch9,22,22,22,22,24.5,24.5,24.5,24.5,24.5,24.5,24.5,24,24,24,24,24,24,24,24,24,24,24,24,24,24,24,24,24,24,24,13,13,13,13,13,13,13,13,13,13,13,13,13,13,13,13,13,13,13,13,13,13,13,13,13,13,13,13,13,13,13,13,13,13,13,13,13,13,13,13,13,13,13,13,13,13,13,13,13,13,13,13,13,13,13,13,13,24,24,24,24,24,24,24,24,24,24,24,24,24,24,24,24,24,24,24,24,13,13,13,13,13,13,13,13,13,13,13,13,13,13,13,13,13,13,13,13,13,13,13,13,13,13,13,13,13,13,13,13,13,13,13,13,13,13,13,13
Ch10,22,22,22,22,24.5,24.5,24.5,24.5,24.5,24.5,24.5,24,24,24,24,24,24,24,24,24,24,24,24,24,24,24,24,24,24,24,13,13,13,13,13,13,13,13,13,13,13,13,13,13,13,13,13,13,13,13,13,13,13,13,13,13,13,13,13,13,13,13,13,13,13,13,13,13,13,13,13,13,13,13,13,13,13,13,13,13,13,13,13,13,13,13,13,24,24,24,24,24,24,24,24,24,24,24,24,24,24,24,24,24,24,24,24,13,13,13,13,13,13,13,13,13,13,13,13,13,13,13,13,13,13,13,13,13,13,13,13,13,13,13,13,13,13,13,13,13,13,13,13,13,13,13,13
Ch11,21.5,21.5,21.5,21.5,14.5,14.5,14.5,14.5,14.5,14.5,14.5,15,15,15,15,15,15,15,15,15,15,15,15,15,15,15,15,15,15,15,13,13,13,13,13,13,13,13,13,13,13,13,13,13,13,13,13,13,13,13,13,13,13,13,13,13,13,13,13,13,13,13,13,13,13,13,13,13,13,13,13,13,13,13,13,13,13,13,13,13,13,13,13,13,13,13,13,15,15,15,15,15,15,15,15,15,15,15,15,15,15,15,15,15,15,15,15,13,13,13,13,13,13,13,13,13,13,13,13,13,13,13,13,13,13,13,13,13,13,13,13,13,13,13,13,13,13,13,13,13,13,13,13,13,13,13,13
Ch12,21.5,21.5,21.5,21.5,14.5,14.5,14.5,14.5,14.5,14.5,14.5,15,15,15,15,15,15,15,15,15,15,15,15,15,15,15,15,15,15,15,13,13,13,13,13,13,13,13,13,13,13,13,13,13,13,13,13,13,13,13,13,13,13,13,13,13,13,13,13,13,13,13,13,13,13,13,13,13,13,13,13,13,13,13,13,13,13,13,13,13,13,13,13,13,13,13,13,15,15,15,15,15,15,15,15,15,15,15,15,15,15,15,15,15,15,15,15,13,13,13,13,13,13,13,13,13,13,13,13,13,13,13,13,13,13,13,13,13,13,13,13,13,13,13,13,13,13,13,13,13,13,13,13,13,13,13,13
Ch13,21.5,21.5,21.5,21.5,14.5,14.5,14.5,14.5,14.5,14.5,14.5,15,15,15,15,15,15,15,15,15,15,15,15,15,15,15,15,15,15,15,13,13,13,13,13,13,13,13,13,13,13,13,13,13,13,13,13,13,13,13,13,13,13,13,13,13,13,13,13,13,13,13,13,13,13,13,13,13,13,13,13,13,13,13,13,13,13,13,13,13,13,13,13,13,13,13,13,15,15,15,15,15,15,15,15,15,15,15,15,15,15,15,15,15,15,15,15,13,13,13,13,13,13,13,13,13,13,13,13,13,13,13,13,13,13,13,13,13,13,13,13,13,13,13,13,13,13,13,13,13,13,13,13,13,13,13,13
Ch14,21.5,21.5,21.5,21.5,14.5,14.5,14.5,14.5,14.5,14.5,14.5,15,15,15,15,15,15,15,15,15,15,15,15,15,15,15,15,15,15,15,13,13,13,13,13,13,13,13,13,13,13,13,13,13,13,13,13,13,13,13,13,13,13,13,13,13,13,13,13,13,13,13,13,13,13,13,13,13,13,13,13,13,13,13,13,13,13,13,13,13,13,13,13,13,13,13,13,15,15,15,15,15,15,15,15,15,15,15,15,15,15,15,15,15,15,15,15,13,13,13,13,13,13,13,13,13,13,13,13,13,13,13,13,13,13,13,13,13,13,13,13,13,13,13,13,13,13,13,13,13,13,13,13,13,13,13,13
,,,,,,,,,,,,,,,,,,,,,,,,,,,,,,,,,,,,,,,,,,,,,,,,,,,,,,,,,,,,,,,,,,,,,,,,,,,,,,,,,,,,,,,,,,,,,,,,,,,,,,,,,,,,,,,,,,,,,,,,,,,,,,,,,,,,,,,,,,,,,,,,,,,
# 5G Channel,CCK,,,,OFDM,,,,,,,BW20 (HT/VHT),,,,,,,,,,,,,,,,,,,BW40 (HT/VHT),,,,,,,,,,,,,,,,,,,BW80 (HT/VHT),,,,,,,,,,,,,,,,,,,BW160 (HT/VHT),,,,,,,,,,,,,,,,,,,RU26,,,,,,,,,,,,,,,,,,,,RU52,,,,,,,,,,,,,,,,,,,,RU106,,,,,,,,,,,,,,,,,,,
,BF OFF,,,,BF OFF,,,,BF ON,,,BF OFF,,,,,,,,,,,,,,,,,,,BF OFF,,,,,,,,,,,,,,,,,,,BF OFF,,,,,,,,,,,,,,,,,,,BF OFF,,,,,,,,,,,,,,,,,,,BF OFF,,,,,,,,,,BF ON,,,,,,,,,,BF OFF,,,,,,,,,,BF ON,,,,,,,,,,BF OFF,,,,,,,,,,BF ON,,,,,,,,,
Band: 5G,1T1ss,2T1ss,3T1ss,4T1ss,1T1ss,2T1ss,3T1ss,4T1ss,2T1ss,3T1ss,4T1ss,1T1ss,2T1ss,3T1ss,4T1ss,2T2ss,3T2ss,4T2ss,3T3ss,4T3ss,4T4ss,2T1ss,3T1ss,4T1ss,2T2ss,3T2ss,4T2ss,3T3ss,4T3ss,4T4ss,1T1ss,2T1ss,3T1ss,4T1ss,2T2ss,3T2ss,4T2ss,3T3ss,4T3ss,4T4ss,2T1ss,3T1ss,4T1ss,2T2ss,3T2ss,4T2ss,3T3ss,4T3ss,4T4ss,1T1ss,2T1ss,3T1ss,4T1ss,2T2ss,3T2ss,4T2ss,3T3ss,4T3ss,4T4ss,2T1ss,3T1ss,4T1ss,2T2ss,3T2ss,4T2ss,3T3ss,4T3ss,4T4ss,1T1ss,2T1ss,3T1ss,4T1ss,2T2ss,3T2ss,4T2ss,3T3ss,4T3ss,4T4ss,2T1ss,3T1ss,4T1ss,2T2ss,3T2ss,4T2ss,3T3ss,4T3ss,4T4ss,1T1ss,2T1ss,3T1ss,4T1ss,2T2ss,3T2ss,4T2ss,3T3ss,4T3ss,4T4ss,1T1ss,2T1ss,3T1ss,4T1ss,2T2ss,3T2ss,4T2ss,3T3ss,4T3ss,4T4ss,1T1ss,2T1ss,3T1ss,4T1ss,2T2ss,3T2ss,4T2ss,3T3ss,4T3ss,4T4ss,1T1ss,2T1ss,3T1ss,4T1ss,2T2ss,3T2ss,4T2ss,3T3ss,4T3ss,4T4ss,1T1ss,2T1ss,3T1ss,4T1ss,2T2ss,3T2ss,4T2ss,3T3ss,4T3ss,4T4ss,1T1ss,2T1ss,3T1ss,4T1ss,2T2ss,3T2ss,4T2ss,3T3ss,4T3ss,4T4ss
Ch184,60,60,60,60,60,60,60,60,60,60,60,60,60,60,60,60,60,60,60,60,60,60,60,60,60,60,60,60,60,60,60,60,60,60,60,60,60,60,60,60,60,60,60,60,60,60,60,60,60,60,60,60,60,60,60,60,60,60,60,60,60,60,60,60,60,60,60,60,60,60,60,60,60,60,60,60,60,60,60,60,60,60,60,60,60,60,60,60,60,60,60,60,60,60,60,60,60,60,60,60,60,60,60,60,60,60,60,60,60,60,60,60,60,60,60,60,60,60,60,60,60,60,60,60,60,60,60,60,60,60,60,60,60,60,60,60,60,60,60,60,60,60,60,60,60,60,60
Ch188,60,60,60,60,60,60,60,60,60,60,60,60,60,60,60,60,60,60,60,60,60,60,60,60,60,60,60,60,60,60,60,60,60,60,60,60,60,60,60,60,60,60,60,60,60,60,60,60,60,60,60,60,60,60,60,60,60,60,60,60,60,60,60,60,60,60,60,60,60,60,60,60,60,60,60,60,60,60,60,60,60,60,60,60,60,60,60,60,60,60,60,60,60,60,60,60,60,60,60,60,60,60,60,60,60,60,60,60,60,60,60,60,60,60,60,60,60,60,60,60,60,60,60,60,60,60,60,60,60,60,60,60,60,60,60,60,60,60,60,60,60,60,60,60,60,60,60
Ch192,60,60,60,60,60,60,60,60,60,60,60,60,60,60,60,60,60,60,60,60,60,60,60,60,60,60,60,60,60,60,60,60,60,60,60,60,60,60,60,60,60,60,60,60,60,60,60,60,60,60,60,60,60,60,60,60,60,60,60,60,60,60,60,60,60,60,60,60,60,60,60,60,60,60,60,60,60,60,60,60,60,60,60,60,60,60,60,60,60,60,60,60,60,60,60,60,60,60,60,60,60,60,60,60,60,60,60,60,60,60,60,60,60,60,60,60,60,60,60,60,60,60,60,60,60,60,60,60,60,60,60,60,60,60,60,60,60,60,60,60,60,60,60,60,60,60,60
Ch196,60,60,60,60,60,60,60,60,60,60,60,60,60,60,60,60,60,60,60,60,60,60,60,60,60,60,60,60,60,60,60,60,60,60,60,60,60,60,60,60,60,60,60,60,60,60,60,60,60,60,60,60,60,60,60,60,60,60,60,60,60,60,60,60,60,60,60,60,60,60,60,60,60,60,60,60,60,60,60,60,60,60,60,60,60,60,60,60,60,60,60,60,60,60,60,60,60,60,60,60,60,60,60,60,60,60,60,60,60,60,60,60,60,60,60,60,60,60,60,60,60,60,60,60,60,60,60,60,60,60,60,60,60,60,60,60,60,60,60,60,60,60,60,60,60,60,60
Ch8,60,60,60,60,60,60,60,60,60,60,60,60,60,60,60,60,60,60,60,60,60,60,60,60,60,60,60,60,60,60,60,60,60,60,60,60,60,60,60,60,60,60,60,60,60,60,60,60,60,60,60,60,60,60,60,60,60,60,60,60,60,60,60,60,60,60,60,60,60,60,60,60,60,60,60,60,60,60,60,60,60,60,60,60,60,60,60,60,60,60,60,60,60,60,60,60,60,60,60,60,60,60,60,60,60,60,60,60,60,60,60,60,60,60,60,60,60,60,60,60,60,60,60,60,60,60,60,60,60,60,60,60,60,60,60,60,60,60,60,60,60,60,60,60,60,60,60
Ch12,60,60,60,60,60,60,60,60,60,60,60,60,60,60,60,60,60,60,60,60,60,60,60,60,60,60,60,60,60,60,60,60,60,60,60,60,60,60,60,60,60,60,60,60,60,60,60,60,60,60,60,60,60,60,60,60,60,60,60,60,60,60,60,60,60,60,60,60,60,60,60,60,60,60,60,60,60,60,60,60,60,60,60,60,60,60,60,60,60,60,60,60,60,60,60,60,60,60,60,60,60,60,60,60,60,60,60,60,60,60,60,60,60,60,60,60,60,60,60,60,60,60,60,60,60,60,60,60,60,60,60,60,60,60,60,60,60,60,60,60,60,60,60,60,60,60,60
Ch16,60,60,60,60,60,60,60,60,60,60,60,60,60,60,60,60,60,60,60,60,60,60,60,60,60,60,60,60,60,60,60,60,60,60,60,60,60,60,60,60,60,60,60,60,60,60,60,60,60,60,60,60,60,60,60,60,60,60,60,60,60,60,60,60,60,60,60,60,60,60,60,60,60,60,60,60,60,60,60,60,60,60,60,60,60,60,60,60,60,60,60,60,60,60,60,60,60,60,60,60,60,60,60,60,60,60,60,60,60,60,60,60,60,60,60,60,60,60,60,60,60,60,60,60,60,60,60,60,60,60,60,60,60,60,60,60,60,60,60,60,60,60,60,60,60,60,60
Ch36,60,60,60,60,12.5,12.5,12.5,12.5,12.5,12.5,12.5,12.5,12.5,12.5,12.5,12.5,12.5,12.5,12.5,12.5,12.5,12.5,12.5,12.5,12.5,12.5,12.5,12.5,12.5,12.5,14.5,14.5,14.5,14.5,14.5,14.5,14.5,14.5,14.5,14.5,14.5,14.5,14.5,14.5,14.5,14.5,14.5,14.5,14.5,17.5,17.5,17.5,17.5,17.5,17.5,17.5,17.5,17.5,17.5,14.5,14.5,14.5,14.5,14.5,14.5,14.5,14.5,14.5,17.5,17.5,17.5,17.5,17.5,17.5,17.5,17.5,17.5,17.5,14.5,14.5,14.5,14.5,14.5,14.5,14.5,14.5,14.5,12.5,12.5,12.5,12.5,12.5,12.5,12.5,12.5,12.5,12.5,12.5,12.5,12.5,12.5,12.5,12.5,12.5,12.5,12.5,12.5,14.5,14.5,14.5,14.5,14.5,14.5,14.5,14.5,14.5,14.5,14.5,14.5,14.5,14.5,14.5,14.5,14.5,14.5,14.5,14.5,17.5,17.5,17.5,17.5,17.5,17.5,17.5,17.5,17.5,17.5,14.5,14.5,14.5,14.5,14.5,14.5,14.5,14.5,14.5,14.5
Ch40,60,60,60,60,12.5,12.5,12.5,12.5,12.5,12.5,12.5,12.5,12.5,12.5,12.5,12.5,12.5,12.5,12.5,12.5,12.5,12.5,12.5,12.5,12.5,12.5,12.5,12.5,12.5,12.5,14.5,14.5,14.5,14.5,14.5,14.5,14.5,14.5,14.5,14.5,14.5,14.5,14.5,14.5,14.5,14.5,14.5,14.5,14.5,17.5,17.5,17.5,17.5,17.5,17.5,17.5,17.5,17.5,17.5,14.5,14.5,14.5,14.5,14.5,14.5,14.5,14.5,14.5,17.5,17.5,17.5,17.5,17.5,17.5,17.5,17.5,17.5,17.5,14.5,14.5,14.5,14.5,14.5,14.5,14.5,14.5,14.5,12.5,12.5,12.5,12.5,12.5,12.5,12.5,12.5,12.5,12.5,12.5,12.5,12.5,12.5,12.5,12.5,12.5,12.5,12.5,12.5,14.5,14.5,14.5,14.5,14.5,14.5,14.5,14.5,14.5,14.5,14.5,14.5,14.5,14.5,14.5,14.5,14.5,14.5,14.5,14.5,17.5,17.5,17.5,17.5,17.5,17.5,17.5,17.5,17.5,17.5,14.5,14.5,14.5,14.5,14.5,14.5,14.5,14.5,14.5,14.5
Ch44,60,60,60,60,12.5,12.5,12.5,12.5,12.5,12.5,12.5,12.5,12.5,12.5,12.5,12.5,12.5,12.5,12.5,12.5,12.5,12.5,12.5,12.5,12.5,12.5,12.5,12.5,12.5,12.5,14.5,14.5,14.5,14.5,14.5,14.5,14.5,14.5,14.5,14.5,14.5,14.5,14.5,14.5,14.5,14.5,14.5,14.5,14.5,17.5,17.5,17.5,17.5,17.5,17.5,17.5,17.5,17.5,17.5,14.5,14.5,14.5,14.5,14.5,14.5,14.5,14.5,14.5,17.5,17.5,17.5,17.5,17.5,17.5,17.5,17.5,17.5,17.5,14.5,14.5,14.5,14.5,14.5,14.5,14.5,14.5,14.5,12.5,12.5,12.5,12.5,12.5,12.5,12.5,12.5,12.5,12.5,12.5,12.5,12.5,12.5,12.5,12.5,12.5,12.5,12.5,12.5,14.5,14.5,14.5,14.5,14.5,14.5,14.5,14.5,14.5,14.5,14.5,14.5,14.5,14.5,14.5,14.5,14.5,14.5,14.5,14.5,17.5,17.5,17.5,17.5,17.5,17.5,17.5,17.5,17.5,17.5,14.5,14.5,14.5,14.5,14.5,14.5,14.5,14.5,14.5,14.5
Ch48,60,60,60,60,12.5,12.5,12.5,12.5,12.5,12.5,12.5,12.5,12.5,12.5,12.5,12.5,12.5,12.5,12.5,12.5,12.5,12.5,12.5,12.5,12.5,12.5,12.5,12.5,12.5,12.5,14.5,14.5,14.5,14.5,14.5,14.5,14.5,14.5,14.5,14.5,14.5,14.5,14.5,14.5,14.5,14.5,14.5,14.5,14.5,17.5,17.5,17.5,17.5,17.5,17.5,17.5,17.5,17.5,17.5,14.5,14.5,14.5,14.5,14.5,14.5,14.5,14.5,14.5,17.5,17.5,17.5,17.5,17.5,17.5,17.5,17.5,17.5,17.5,14.5,14.5,14.5,14.5,14.5,14.5,14.5,14.5,14.5,12.5,12.5,12.5,12.5,12.5,12.5,12.5,12.5,12.5,12.5,12.5,12.5,12.5,12.5,12.5,12.5,12.5,12.5,12.5,12.5,14.5,14.5,14.5,14.5,14.5,14.5,14.5,14.5,14.5,14.5,14.5,14.5,14.5,14.5,14.5,14.5,14.5,14.5,14.5,14.5,17.5,17.5,17.5,17.5,17.5,17.5,17.5,17.5,17.5,17.5,14.5,14.5,14.5,14.5,14.5,14.5,14.5,14.5,14.5,14.5
Ch52,60,60,60,60,12.5,12.5,12.5,12.5,12.5,12.5,12.5,12.5,12.5,12.5,12.5,12.5,12.5,12.5,12.5,12.5,12.5,12.5,12.5,12.5,12.5,12.5,12.5,12.5,12.5,12.5,14.5,14.5,14.5,14.5,14.5,14.5,14.5,14.5,14.5,14.5,14.5,14.5,14.5,14.5,14.5,14.5,14.5,14.5,14.5,17.5,17.5,17.5,17.5,17.5,17.5,17.5,17.5,17.5,17.5,14.5,14.5,14.5,14.5,14.5,14.5,14.5,14.5,14.5,17.5,17.5,17.5,17.5,17.5,17.5,17.5,17.5,17.5,17.5,14.5,14.5,14.5,14.5,14.5,14.5,14.5,14.5,14.5,12.5,12.5,12.5,12.5,12.5,12.5,12.5,12.5,12.5,12.5,12.5,12.5,12.5,12.5,12.5,12.5,12.5,12.5,12.5,12.5,14.5,14.5,14.5,14.5,14.5,14.5,14.5,14.5,14.5,14.5,14.5,14.5,14.5,14.5,14.5,14.5,14.5,14.5,14.5,14.5,17.5,17.5,17.5,17.5,17.5,17.5,17.5,17.5,17.5,17.5,14.5,14.5,14.5,14.5,14.5,14.5,14.5,14.5,14.5,14.5
Ch56,60,60,60,60,12.5,12.5,12.5,12.5,12.5,12.5,12.5,12.5,12.5,12.5,12.5,12.5,12.5,12.5,12.5,12.5,12.5,12.5,12.5,12.5,12.5,12.5,12.5,12.5,12.5,12.5,14.5,14.5,14.5,14.5,14.5,14.5,14.5,14.5,14.5,14.5,14.5,14.5,14.5,14.5,14.5,14.5,14.5,14.5,14.5,17.5,17.5,17.5,17.5,17.5,17.5,17.5,17.5,17.5,17.5,14.5,14.5,14.5,14.5,14.5,14.5,14.5,14.5,14.5,17.5,17.5,17.5,17.5,17.5,17.5,17.5,17.5,17.5,17.5,14.5,14.5,14.5,14.5,14.5,14.5,14.5,14.5,14.5,12.5,12.5,12.5,12.5,12.5,12.5,12.5,12.5,12.5,12.5,12.5,12.5,12.5,12.5,12.5,12.5,12.5,12.5,12.5,12.5,14.5,14.5,14.5,14.5,14.5,14.5,14.5,14.5,14.5,14.5,14.5,14.5,14.5,14.5,14.5,14.5,14.5,14.5,14.5,14.5,17.5,17.5,17.5,17.5,17.5,17.5,17.5,17.5,17.5,17.5,14.5,14.5,14.5,14.5,14.5,14.5,14.5,14.5,14.5,14.5
Ch60,60,60,60,60,12.5,12.5,12.5,12.5,12.5,12.5,12.5,12.5,12.5,12.5,12.5,12.5,12.5,12.5,12.5,12.5,12.5,12.5,12.5,12.5,12.5,12.5,12.5,12.5,12.5,12.5,14.5,14.5,14.5,14.5,14.5,14.5,14.5,14.5,14.5,14.5,14.5,14.5,14.5,14.5,14.5,14.5,14.5,14.5,14.5,17.5,17.5,17.5,17.5,17.5,17.5,17.5,17.5,17.5,17.5,14.5,14.5,14.5,14.5,14.5,14.5,14.5,14.5,14.5,17.5,17.5,17.5,17.5,17.5,17.5,17.5,17.5,17.5,17.5,14.5,14.5,14.5,14.5,14.5,14.5,14.5,14.5,14.5,12.5,12.5,12.5,12.5,12.5,12.5,12.5,12.5,12.5,12.5,12.5,12.5,12.5,12.5,12.5,12.5,12.5,12.5,12.5,12.5,14.5,14.5,14.5,14.5,14.5,14.5,14.5,14.5,14.5,14.5,14.5,14.5,14.5,14.5,14.5,14.5,14.5,14.5,14.5,14.5,17.5,17.5,17.5,17.5,17.5,17.5,17.5,17.5,17.5,17.5,14.5,14.5,14.5,14.5,14.5,14.5,14.5,14.5,14.5,14.5
Ch64,60,60,60,60,12.5,12.5,12.5,12.5,12.5,12.5,12.5,12.5,12.5,12.5,12.5,12.5,12.5,12.5,12.5,12.5,12.5,12.5,12.5,12.5,12.5,12.5,12.5,12.5,12.5,12.5,14.5,14.5,14.5,14.5,14.5,14.5,14.5,14.5,14.5,14.5,14.5,14.5,14.5,14.5,14.5,14.5,14.5,14.5,14.5,17.5,17.5,17.5,17.5,17.5,17.5,17.5,17.5,17.5,17.5,14.5,14.5,14.5,14.5,14.5,14.5,14.5,14.5,14.5,17.5,17.5,17.5,17.5,17.5,17.5,17.5,17.5,17.5,17.5,14.5,14.5,14.5,14.5,14.5,14.5,14.5,14.5,14.5,12.5,12.5,12.5,12.5,12.5,12.5,12.5,12.5,12.5,12.5,12.5,12.5,12.5,12.5,12.5,12.5,12.5,12.5,12.5,12.5,14.5,14.5,14.5,14.5,14.5,14.5,14.5,14.5,14.5,14.5,14.5,14.5,14.5,14.5,14.5,14.5,14.5,14.5,14.5,14.5,17.5,17.5,17.5,17.5,17.5,17.5,17.5,17.5,17.5,17.5,14.5,14.5,14.5,14.5,14.5,14.5,14.5,14.5,14.5,14.5
Ch68,60,60,60,60,12.5,12.5,12.5,12.5,12.5,12.5,12.5,12.5,12.5,12.5,12.5,12.5,12.5,12.5,12.5,12.5,12.5,12.5,12.5,12.5,12.5,12.5,12.5,12.5,12.5,12.5,14.5,14.5,14.5,14.5,14.5,14.5,14.5,14.5,14.5,14.5,14.5,14.5,14.5,14.5,14.5,14.5,14.5,14.5,14.5,17.5,17.5,17.5,17.5,17.5,17.5,17.5,17.5,17.5,17.5,14.5,14.5,14.5,14.5,14.5,14.5,14.5,14.5,14.5,17.5,17.5,17.5,17.5,17.5,17.5,17.5,17.5,17.5,17.5,14.5,14.5,14.5,14.5,14.5,14.5,14.5,14.5,14.5,12.5,12.5,12.5,12.5,12.5,12.5,12.5,12.5,12.5,12.5,12.5,12.5,12.5,12.5,12.5,12.5,12.5,12.5,12.5,12.5,14.5,14.5,14.5,14.5,14.5,14.5,14.5,14.5,14.5,14.5,14.5,14.5,14.5,14.5,14.5,14.5,14.5,14.5,14.5,14.5,17.5,17.5,17.5,17.5,17.5,17.5,17.5,17.5,17.5,17.5,14.5,14.5,14.5,14.5,14.5,14.5,14.5,14.5,14.5,14.5
Ch72,60,60,60,60,12.5,12.5,12.5,12.5,12.5,12.5,12.5,12.5,12.5,12.5,12.5,12.5,12.5,12.5,12.5,12.5,12.5,12.5,12.5,12.5,12.5,12.5,12.5,12.5,12.5,12.5,14.5,14.5,14.5,14.5,14.5,14.5,14.5,14.5,14.5,14.5,14.5,14.5,14.5,14.5,14.5,14.5,14.5,14.5,14.5,17.5,17.5,17.5,17.5,17.5,17.5,17.5,17.5,17.5,17.5,14.5,14.5,14.5,14.5,14.5,14.5,14.5,14.5,14.5,17.5,17.5,17.5,17.5,17.5,17.5,17.5,17.5,17.5,17.5,14.5,14.5,14.5,14.5,14.5,14.5,14.5,14.5,14.5,12.5,12.5,12.5,12.5,12.5,12.5,12.5,12.5,12.5,12.5,12.5,12.5,12.5,12.5,12.5,12.5,12.5,12.5,12.5,12.5,14.5,14.5,14.5,14.5,14.5,14.5,14.5,14.5,14.5,14.5,14.5,14.5,14.5,14.5,14.5,14.5,14.5,14.5,14.5,14.5,17.5,17.5,17.5,17.5,17.5,17.5,17.5,17.5,17.5,17.5,14.5,14.5,14.5,14.5,14.5,14.5,14.5,14.5,14.5,14.5
Ch76,60,60,60,60,12.5,12.5,12.5,12.5,12.5,12.5,12.5,12.5,12.5,12.5,12.5,12.5,12.5,12.5,12.5,12.5,12.5,12.5,12.5,12.5,12.5,12.5,12.5,12.5,12.5,12.5,14.5,14.5,14.5,14.5,14.5,14.5,14.5,14.5,14.5,14.5,14.5,14.5,14.5,14.5,14.5,14.5,14.5,14.5,14.5,17.5,17.5,17.5,17.5,17.5,17.5,17.5,17.5,17.5,17.5,14.5,14.5,14.5,14.5,14.5,14.5,14.5,14.5,14.5,17.5,17.5,17.5,17.5,17.5,17.5,17.5,17.5,17.5,17.5,14.5,14.5,14.5,14.5,14.5,14.5,14.5,14.5,14.5,12.5,12.5,12.5,12.5,12.5,12.5,12.5,12.5,12.5,12.5,12.5,12.5,12.5,12.5,12.5,12.5,12.5,12.5,12.5,12.5,14.5,14.5,14.5,14.5,14.5,14.5,14.5,14.5,14.5,14.5,14.5,14.5,14.5,14.5,14.5,14.5,14.5,14.5,14.5,14.5,17.5,17.5,17.5,17.5,17.5,17.5,17.5,17.5,17.5,17.5,14.5,14.5,14.5,14.5,14.5,14.5,14.5,14.5,14.5,14.5
Ch80,60,60,60,60,12.5,12.5,12.5,12.5,12.5,12.5,12.5,12.5,12.5,12.5,12.5,12.5,12.5,12.5,12.5,12.5,12.5,12.5,12.5,12.5,12.5,12.5,12.5,12.5,12.5,12.5,14.5,14.5,14.5,14.5,14.5,14.5,14.5,14.5,14.5,14.5,14.5,14.5,14.5,14.5,14.5,14.5,14.5,14.5,14.5,17.5,17.5,17.5,17.5,17.5,17.5,17.5,17.5,17.5,17.5,14.5,14.5,14.5,14.5,14.5,14.5,14.5,14.5,14.5,17.5,17.5,17.5,17.5,17.5,17.5,17.5,17.5,17.5,17.5,14.5,14.5,14.5,14.5,14.5,14.5,14.5,14.5,14.5,12.5,12.5,12.5,12.5,12.5,12.5,12.5,12.5,12.5,12.5,12.5,12.5,12.5,12.5,12.5,12.5,12.5,12.5,12.5,12.5,14.5,14.5,14.5,14.5,14.5,14.5,14.5,14.5,14.5,14.5,14.5,14.5,14.5,14.5,14.5,14.5,14.5,14.5,14.5,14.5,17.5,17.5,17.5,17.5,17.5,17.5,17.5,17.5,17.5,17.5,14.5,14.5,14.5,14.5,14.5,14.5,14.5,14.5,14.5,14.5
Ch84,60,60,60,60,12.5,12.5,12.5,12.5,12.5,12.5,12.5,12.5,12.5,12.5,12.5,12.5,12.5,12.5,12.5,12.5,12.5,12.5,12.5,12.5,12.5,12.5,12.5,12.5,12.5,12.5,14.5,14.5,14.5,14.5,14.5,14.5,14.5,14.5,14.5,14.5,14.5,14.5,14.5,14.5,14.5,14.5,14.5,14.5,14.5,17.5,17.5,17.5,17.5,17.5,17.5,17.5,17.5,17.5,17.5,14.5,14.5,14.5,14.5,14.5,14.5,14.5,14.5,14.5,17.5,17.5,17.5,17.5,17.5,17.5,17.5,17.5,17.5,17.5,14.5,14.5,14.5,14.5,14.5,14.5,14.5,14.5,14.5,12.5,12.5,12.5,12.5,12.5,12.5,12.5,12.5,12.5,12.5,12.5,12.5,12.5,12.5,12.5,12.5,12.5,12.5,12.5,12.5,14.5,14.5,14.5,14.5,14.5,14.5,14.5,14.5,14.5,14.5,14.5,14.5,14.5,14.5,14.5,14.5,14.5,14.5,14.5,14.5,17.5,17.5,17.5,17.5,17.5,17.5,17.5,17.5,17.5,17.5,14.5,14.5,14.5,14.5,14.5,14.5,14.5,14.5,14.5,14.5
Ch88,60,60,60,60,12.5,12.5,12.5,12.5,12.5,12.5,12.5,12.5,12.5,12.5,12.5,12.5,12.5,12.5,12.5,12.5,12.5,12.5,12.5,12.5,12.5,12.5,12.5,12.5,12.5,12.5,14.5,14.5,14.5,14.5,14.5,14.5,14.5,14.5,14.5,14.5,14.5,14.5,14.5,14.5,14.5,14.5,14.5,14.5,14.5,17.5,17.5,17.5,17.5,17.5,17.5,17.5,17.5,17.5,17.5,14.5,14.5,14.5,14.5,14.5,14.5,14.5,14.5,14.5,17.5,17.5,17.5,17.5,17.5,17.5,17.5,17.5,17.5,17.5,14.5,14.5,14.5,14.5,14.5,14.5,14.5,14.5,14.5,12.5,12.5,12.5,12.5,12.5,12.5,12.5,12.5,12.5,12.5,12.5,12.5,12.5,12.5,12.5,12.5,12.5,12.5,12.5,12.5,14.5,14.5,14.5,14.5,14.5,14.5,14.5,14.5,14.5,14.5,14.5,14.5,14.5,14.5,14.5,14.5,14.5,14.5,14.5,14.5,17.5,17.5,17.5,17.5,17.5,17.5,17.5,17.5,17.5,17.5,14.5,14.5,14.5,14.5,14.5,14.5,14.5,14.5,14.5,14.5
Ch92,60,60,60,60,12.5,12.5,12.5,12.5,12.5,12.5,12.5,12.5,12.5,12.5,12.5,12.5,12.5,12.5,12.5,12.5,12.5,12.5,12.5,12.5,12.5,12.5,12.5,12.5,12.5,12.5,14.5,14.5,14.5,14.5,14.5,14.5,14.5,14.5,14.5,14.5,14.5,14.5,14.5,14.5,14.5,14.5,14.5,14.5,14.5,17.5,17.5,17.5,17.5,17.5,17.5,17.5,17.5,17.5,17.5,14.5,14.5,14.5,14.5,14.5,14.5,14.5,14.5,14.5,17.5,17.5,17.5,17.5,17.5,17.5,17.5,17.5,17.5,17.5,14.5,14.5,14.5,14.5,14.5,14.5,14.5,14.5,14.5,12.5,12.5,12.5,12.5,12.5,12.5,12.5,12.5,12.5,12.5,12.5,12.5,12.5,12.5,12.5,12.5,12.5,12.5,12.5,12.5,14.5,14.5,14.5,14.5,14.5,14.5,14.5,14.5,14.5,14.5,14.5,14.5,14.5,14.5,14.5,14.5,14.5,14.5,14.5,14.5,17.5,17.5,17.5,17.5,17.5,17.5,17.5,17.5,17.5,17.5,14.5,14.5,14.5,14.5,14.5,14.5,14.5,14.5,14.5,14.5
Ch96,60,60,60,60,12.5,12.5,12.5,12.5,12.5,12.5,12.5,12.5,12.5,12.5,12.5,12.5,12.5,12.5,12.5,12.5,12.5,12.5,12.5,12.5,12.5,12.5,12.5,12.5,12.5,12.5,14.5,14.5,14.5,14.5,14.5,14.5,14.5,14.5,14.5,14.5,14.5,14.5,14.5,14.5,14.5,14.5,14.5,14.5,14.5,17.5,17.5,17.5,17.5,17.5,17.5,17.5,17.5,17.5,17.5,14.5,14.5,14.5,14.5,14.5,14.5,14.5,14.5,14.5,17.5,17.5,17.5,17.5,17.5,17.5,17.5,17.5,17.5,17.5,14.5,14.5,14.5,14.5,14.5,14.5,14.5,14.5,14.5,12.5,12.5,12.5,12.5,12.5,12.5,12.5,12.5,12.5,12.5,12.5,12.5,12.5,12.5,12.5,12.5,12.5,12.5,12.5,12.5,14.5,14.5,14.5,14.5,14.5,14.5,14.5,14.5,14.5,14.5,14.5,14.5,14.5,14.5,14.5,14.5,14.5,14.5,14.5,14.5,17.5,17.5,17.5,17.5,17.5,17.5,17.5,17.5,17.5,17.5,14.5,14.5,14.5,14.5,14.5,14.5,14.5,14.5,14.5,14.5
Ch100,60,60,60,60,12.5,12.5,12.5,12.5,12.5,12.5,12.5,12.5,12.5,12.5,12.5,12.5,12.5,12.5,12.5,12.5,12.5,12.5,12.5,12.5,12.5,12.5,12.5,12.5,12.5,12.5,14.5,14.5,14.5,14.5,14.5,14.5,14.5,14.5,14.5,14.5,14.5,14.5,14.5,14.5,14.5,14.5,14.5,14.5,14.5,17.5,17.5,17.5,17.5,17.5,17.5,17.5,17.5,17.5,17.5,14.5,14.5,14.5,14.5,14.5,14.5,14.5,14.5,14.5,17.5,17.5,17.5,17.5,17.5,17.5,17.5,17.5,17.5,17.5,14.5,14.5,14.5,14.5,14.5,14.5,14.5,14.5,14.5,12.5,12.5,12.5,12.5,12.5,12.5,12.5,12.5,12.5,12.5,12.5,12.5,12.5,12.5,12.5,12.5,12.5,12.5,12.5,12.5,14.5,14.5,14.5,14.5,14.5,14.5,14.5,14.5,14.5,14.5,14.5,14.5,14.5,14.5,14.5,14.5,14.5,14.5,14.5,14.5,17.5,17.5,17.5,17.5,17.5,17.5,17.5,17.5,17.5,17.5,14.5,14.5,14.5,14.5,14.5,14.5,14.5,14.5,14.5,14.5
Ch104,60,60,60,60,12.5,12.5,12.5,12.5,12.5,12.5,12.5,12.5,12.5,12.5,12.5,12.5,12.5,12.5,12.5,12.5,12.5,12.5,12.5,12.5,12.5,12.5,12.5,12.5,12.5,12.5,14.5,14.5,14.5,14.5,14.5,14.5,14.5,14.5,14.5,14.5,14.5,14.5,14.5,14.5,14.5,14.5,14.5,14.5,14.5,17.5,17.5,17.5,17.5,17.5,17.5,17.5,17.5,17.5,17.5,14.5,14.5,14.5,14.5,14.5,14.5,14.5,14.5,14.5,17.5,17.5,17.5,17.5,17.5,17.5,17.5,17.5,17.5,17.5,14.5,14.5,14.5,14.5,14.5,14.5,14.5,14.5,14.5,12.5,12.5,12.5,12.5,12.5,12.5,12.5,12.5,12.5,12.5,12.5,12.5,12.5,12.5,12.5,12.5,12.5,12.5,12.5,12.5,14.5,14.5,14.5,14.5,14.5,14.5,14.5,14.5,14.5,14.5,14.5,14.5,14.5,14.5,14.5,14.5,14.5,14.5,14.5,14.5,17.5,17.5,17.5,17.5,17.5,17.5,17.5,17.5,17.5,17.5,14.5,14.5,14.5,14.5,14.5,14.5,14.5,14.5,14.5,14.5
Ch108,60,60,60,60,12.5,12.5,12.5,12.5,12.5,12.5,12.5,12.5,12.5,12.5,12.5,12.5,12.5,12.5,12.5,12.5,12.5,12.5,12.5,12.5,12.5,12.5,12.5,12.5,12.5,12.5,14.5,14.5,14.5,14.5,14.5,14.5,14.5,14.5,14.5,14.5,14.5,14.5,14.5,14.5,14.5,14.5,14.5,14.5,14.5,17.5,17.5,17.5,17.5,17.5,17.5,17.5,17.5,17.5,17.5,14.5,14.5,14.5,14.5,14.5,14.5,14.5,14.5,14.5,17.5,17.5,17.5,17.5,17.5,17.5,17.5,17.5,17.5,17.5,14.5,14.5,14.5,14.5,14.5,14.5,14.5,14.5,14.5,12.5,12.5,12.5,12.5,12.5,12.5,12.5,12.5,12.5,12.5,12.5,12.5,12.5,12.5,12.5,12.5,12.5,12.5,12.5,12.5,14.5,14.5,14.5,14.5,14.5,14.5,14.5,14.5,14.5,14.5,14.5,14.5,14.5,14.5,14.5,14.5,14.5,14.5,14.5,14.5,17.5,17.5,17.5,17.5,17.5,17.5,17.5,17.5,17.5,17.5,14.5,14.5,14.5,14.5,14.5,14.5,14.5,14.5,14.5,14.5
Ch112,60,60,60,60,12.5,12.5,12.5,12.5,12.5,12.5,12.5,12.5,12.5,12.5,12.5,12.5,12.5,12.5,12.5,12.5,12.5,12.5,12.5,12.5,12.5,12.5,12.5,12.5,12.5,12.5,14.5,14.5,14.5,14.5,14.5,14.5,14.5,14.5,14.5,14.5,14.5,14.5,14.5,14.5,14.5,14.5,14.5,14.5,14.5,17.5,17.5,17.5,17.5,17.5,17.5,17.5,17.5,17.5,17.5,14.5,14.5,14.5,14.5,14.5,14.5,14.5,14.5,14.5,17.5,17.5,17.5,17.5,17.5,17.5,17.5,17.5,17.5,17.5,14.5,14.5,14.5,14.5,14.5,14.5,14.5,14.5,14.5,12.5,12.5,12.5,12.5,12.5,12.5,12.5,12.5,12.5,12.5,12.5,12.5,12.5,12.5,12.5,12.5,12.5,12.5,12.5,12.5,14.5,14.5,14.5,14.5,14.5,14.5,14.5,14.5,14.5,14.5,14.5,14.5,14.5,14.5,14.5,14.5,14.5,14.5,14.5,14.5,17.5,17.5,17.5,17.5,17.5,17.5,17.5,17.5,17.5,17.5,14.5,14.5,14.5,14.5,14.5,14.5,14.5,14.5,14.5,14.5
Ch116,60,60,60,60,12.5,12.5,12.5,12.5,12.5,12.5,12.5,12.5,12.5,12.5,12.5,12.5,12.5,12.5,12.5,12.5,12.5,12.5,12.5,12.5,12.5,12.5,12.5,12.5,12.5,12.5,14.5,14.5,14.5,14.5,14.5,14.5,14.5,14.5,14.5,14.5,14.5,14.5,14.5,14.5,14.5,14.5,14.5,14.5,14.5,17.5,17.5,17.5,17.5,17.5,17.5,17.5,17.5,17.5,17.5,14.5,14.5,14.5,14.5,14.5,14.5,14.5,14.5,14.5,17.5,17.5,17.5,17.5,17.5,17.5,17.5,17.5,17.5,17.5,14.5,14.5,14.5,14.5,14.5,14.5,14.5,14.5,14.5,12.5,12.5,12.5,12.5,12.5,12.5,12.5,12.5,12.5,12.5,12.5,12.5,12.5,12.5,12.5,12.5,12.5,12.5,12.5,12.5,14.5,14.5,14.5,14.5,14.5,14.5,14.5,14.5,14.5,14.5,14.5,14.5,14.5,14.5,14.5,14.5,14.5,14.5,14.5,14.5,17.5,17.5,17.5,17.5,17.5,17.5,17.5,17.5,17.5,17.5,14.5,14.5,14.5,14.5,14.5,14.5,14.5,14.5,14.5,14.5
Ch120,60,60,60,60,12.5,12.5,12.5,12.5,12.5,12.5,12.5,12.5,12.5,12.5,12.5,12.5,12.5,12.5,12.5,12.5,12.5,12.5,12.5,12.5,12.5,12.5,12.5,12.5,12.5,12.5,14.5,14.5,14.5,14.5,14.5,14.5,14.5,14.5,14.5,14.5,14.5,14.5,14.5,14.5,14.5,14.5,14.5,14.5,14.5,17.5,17.5,17.5,17.5,17.5,17.5,17.5,17.5,17.5,17.5,14.5,14.5,14.5,14.5,14.5,14.5,14.5,14.5,14.5,17.5,17.5,17.5,17.5,17.5,17.5,17.5,17.5,17.5,17.5,14.5,14.5,14.5,14.5,14.5,14.5,14.5,14.5,14.5,12.5,12.5,12.5,12.5,12.5,12.5,12.5,12.5,12.5,12.5,12.5,12.5,12.5,12.5,12.5,12.5,12.5,12.5,12.5,12.5,14.5,14.5,14.5,14.5,14.5,14.5,14.5,14.5,14.5,14.5,14.5,14.5,14.5,14.5,14.5,14.5,14.5,14.5,14.5,14.5,17.5,17.5,17.5,17.5,17.5,17.5,17.5,17.5,17.5,17.5,14.5,14.5,14.5,14.5,14.5,14.5,14.5,14.5,14.5,14.5
Ch124,60,60,60,60,12.5,12.5,12.5,12.5,12.5,12.5,12.5,12.5,12.5,12.5,12.5,12.5,12.5,12.5,12.5,12.5,12.5,12.5,12.5,12.5,12.5,12.5,12.5,12.5,12.5,12.5,14.5,14.5,14.5,14.5,14.5,14.5,14.5,14.5,14.5,14.5,14.5,14.5,14.5,14.5,14.5,14.5,14.5,14.5,14.5,17.5,17.5,17.5,17.5,17.5,17.5,17.5,17.5,17.5,17.5,14.5,14.5,14.5,14.5,14.5,14.5,14.5,14.5,14.5,17.5,17.5,17.5,17.5,17.5,17.5,17.5,17.5,17.5,17.5,14.5,14.5,14.5,14.5,14.5,14.5,14.5,14.5,14.5,12.5,12.5,12.5,12.5,12.5,12.5,12.5,12.5,12.5,12.5,12.5,12.5,12.5,12.5,12.5,12.5,12.5,12.5,12.5,12.5,14.5,14.5,14.5,14.5,14.5,14.5,14.5,14.5,14.5,14.5,14.5,14.5,14.5,14.5,14.5,14.5,14.5,14.5,14.5,14.5,17.5,17.5,17.5,17.5,17.5,17.5,17.5,17.5,17.5,17.5,14.5,14.5,14.5,14.5,14.5,14.5,14.5,14.5,14.5,14.5
Ch128,60,60,60,60,12.5,12.5,12.5,12.5,12.5,12.5,12.5,12.5,12.5,12.5,12.5,12.5,12.5,12.5,12.5,12.5,12.5,12.5,12.5,12.5,12.5,12.5,12.5,12.5,12.5,12.5,14.5,14.5,14.5,14.5,14.5,14.5,14.5,14.5,14.5,14.5,14.5,14.5,14.5,14.5,14.5,14.5,14.5,14.5,14.5,17.5,17.5,17.5,17.5,17.5,17.5,17.5,17.5,17.5,17.5,14.5,14.5,14.5,14.5,14.5,14.5,14.5,14.5,14.5,17.5,17.5,17.5,17.5,17.5,17.5,17.5,17.5,17.5,17.5,14.5,14.5,14.5,14.5,14.5,14.5,14.5,14.5,14.5,12.5,12.5,12.5,12.5,12.5,12.5,12.5,12.5,12.5,12.5,12.5,12.5,12.5,12.5,12.5,12.5,12.5,12.5,12.5,12.5,14.5,14.5,14.5,14.5,14.5,14.5,14.5,14.5,14.5,14.5,14.5,14.5,14.5,14.5,14.5,14.5,14.5,14.5,14.5,14.5,17.5,17.5,17.5,17.5,17.5,17.5,17.5,17.5,17.5,17.5,14.5,14.5,14.5,14.5,14.5,14.5,14.5,14.5,14.5,14.5
Ch132,60,60,60,60,12.5,12.5,12.5,12.5,12.5,12.5,12.5,12.5,12.5,12.5,12.5,12.5,12.5,12.5,12.5,12.5,12.5,12.5,12.5,12.5,12.5,12.5,12.5,12.5,12.5,12.5,14.5,14.5,14.5,14.5,14.5,14.5,14.5,14.5,14.5,14.5,14.5,14.5,14.5,14.5,14.5,14.5,14.5,14.5,14.5,17.5,17.5,17.5,17.5,17.5,17.5,17.5,17.5,17.5,17.5,14.5,14.5,14.5,14.5,14.5,14.5,14.5,14.5,14.5,17.5,17.5,17.5,17.5,17.5,17.5,17.5,17.5,17.5,17.5,14.5,14.5,14.5,14.5,14.5,14.5,14.5,14.5,14.5,12.5,12.5,12.5,12.5,12.5,12.5,12.5,12.5,12.5,12.5,12.5,12.5,12.5,12.5,12.5,12.5,12.5,12.5,12.5,12.5,14.5,14.5,14.5,14.5,14.5,14.5,14.5,14.5,14.5,14.5,14.5,14.5,14.5,14.5,14.5,14.5,14.5,14.5,14.5,14.5,17.5,17.5,17.5,17.5,17.5,17.5,17.5,17.5,17.5,17.5,14.5,14.5,14.5,14.5,14.5,14.5,14.5,14.5,14.5,14.5
Ch136,60,60,60,60,12.5,12.5,12.5,12.5,12.5,12.5,12.5,12.5,12.5,12.5,12.5,12.5,12.5,12.5,12.5,12.5,12.5,12.5,12.5,12.5,12.5,12.5,12.5,12.5,12.5,12.5,14.5,14.5,14.5,14.5,14.5,14.5,14.5,14.5,14.5,14.5,14.5,14.5,14.5,14.5,14.5,14.5,14.5,14.5,14.5,17.5,17.5,17.5,17.5,17.5,17.5,17.5,17.5,17.5,17.5,14.5,14.5,14.5,14.5,14.5,14.5,14.5,14.5,14.5,17.5,17.5,17.5,17.5,17.5,17.5,17.5,17.5,17.5,17.5,14.5,14.5,14.5,14.5,14.5,14.5,14.5,14.5,14.5,12.5,12.5,12.5,12.5,12.5,12.5,12.5,12.5,12.5,12.5,12.5,12.5,12.5,12.5,12.5,12.5,12.5,12.5,12.5,12.5,14.5,14.5,14.5,14.5,14.5,14.5,14.5,14.5,14.5,14.5,14.5,14.5,14.5,14.5,14.5,14.5,14.5,14.5,14.5,14.5,17.5,17.5,17.5,17.5,17.5,17.5,17.5,17.5,17.5,17.5,14.5,14.5,14.5,14.5,14.5,14.5,14.5,14.5,14.5,14.5
Ch140,60,60,60,60,12.5,12.5,12.5,12.5,12.5,12.5,12.5,12.5,12.5,12.5,12.5,12.5,12.5,12.5,12.5,12.5,12.5,12.5,12.5,12.5,12.5,12.5,12.5,12.5,12.5,12.5,14.5,14.5,14.5,14.5,14.5,14.5,14.5,14.5,14.5,14.5,14.5,14.5,14.5,14.5,14.5,14.5,14.5,14.5,14.5,17.5,17.5,17.5,17.5,17.5,17.5,17.5,17.5,17.5,17.5,14.5,14.5,14.5,14.5,14.5,14.5,14.5,14.5,14.5,17.5,17.5,17.5,17.5,17.5,17.5,17.5,17.5,17.5,17.5,14.5,14.5,14.5,14.5,14.5,14.5,14.5,14.5,14.5,12.5,12.5,12.5,12.5,12.5,12.5,12.5,12.5,12.5,12.5,12.5,12.5,12.5,12.5,12.5,12.5,12.5,12.5,12.5,12.5,14.5,14.5,14.5,14.5,14.5,14.5,14.5,14.5,14.5,14.5,14.5,14.5,14.5,14.5,14.5,14.5,14.5,14.5,14.5,14.5,17.5,17.5,17.5,17.5,17.5,17.5,17.5,17.5,17.5,17.5,14.5,14.5,14.5,14.5,14.5,14.5,14.5,14.5,14.5,14.5
Ch144,60,60,60,60,12.5,12.5,12.5,12.5,12.5,12.5,12.5,12.5,12.5,12.5,12.5,12.5,12.5,12.5,12.5,12.5,12.5,12.5,12.5,12.5,12.5,12.5,12.5,12.5,12.5,12.5,14.5,14.5,14.5,14.5,14.5,14.5,14.5,14.5,14.5,14.5,14.5,14.5,14.5,14.5,14.5,14.5,14.5,14.5,14.5,17.5,17.5,17.5,17.5,17.5,17.5,17.5,17.5,17.5,17.5,14.5,14.5,14.5,14.5,14.5,14.5,14.5,14.5,14.5,17.5,17.5,17.5,17.5,17.5,17.5,17.5,17.5,17.5,17.5,14.5,14.5,14.5,14.5,14.5,14.5,14.5,14.5,14.5,12.5,12.5,12.5,12.5,12.5,12.5,12.5,12.5,12.5,12.5,12.5,12.5,12.5,12.5,12.5,12.5,12.5,12.5,12.5,12.5,14.5,14.5,14.5,14.5,14.5,14.5,14.5,14.5,14.5,14.5,14.5,14.5,14.5,14.5,14.5,14.5,14.5,14.5,14.5,14.5,17.5,17.5,17.5,17.5,17.5,17.5,17.5,17.5,17.5,17.5,14.5,14.5,14.5,14.5,14.5,14.5,14.5,14.5,14.5,14.5
Ch149,60,60,60,60,26,26,26,26,26,26,26,26,26,26,26,26,26,26,26,26,26,26,26,26,26,26,26,26,26,26,26,26,26,26,26,26,26,26,26,26,26,26,26,26,26,26,26,26,26,22.5,22.5,22.5,22.5,22.5,22.5,22.5,22.5,22.5,22.5,22.5,22.5,22.5,22.5,22.5,22.5,22.5,22.5,22.5,22.5,22.5,22.5,22.5,22.5,22.5,22.5,22.5,22.5,22.5,22.5,22.5,22.5,22.5,22.5,22.5,22.5,22.5,22.5,26,26,26,26,26,26,26,26,26,26,26,26,26,26,26,26,26,26,26,26,26,26,26,26,26,26,26,26,26,26,26,26,26,26,26,26,26,26,26,26,22.5,22.5,22.5,22.5,22.5,22.5,22.5,22.5,22.5,22.5,22.5,22.5,22.5,22.5,22.5,22.5,22.5,22.5,22.5,22.5
Ch153,60,60,60,60,26,26,26,26,26,26,26,26,26,26,26,26,26,26,26,26,26,26,26,26,26,26,26,26,26,26,26,26,26,26,26,26,26,26,26,26,26,26,26,26,26,26,26,26,26,22.5,22.5,22.5,22.5,22.5,22.5,22.5,22.5,22.5,22.5,22.5,22.5,22.5,22.5,22.5,22.5,22.5,22.5,22.5,22.5,22.5,22.5,22.5,22.5,22.5,22.5,22.5,22.5,22.5,22.5,22.5,22.5,22.5,22.5,22.5,22.5,22.5,22.5,26,26,26,26,26,26,26,26,26,26,26,26,26,26,26,26,26,26,26,26,26,26,26,26,26,26,26,26,26,26,26,26,26,26,26,26,26,26,26,26,22.5,22.5,22.5,22.5,22.5,22.5,22.5,22.5,22.5,22.5,22.5,22.5,22.5,22.5,22.5,22.5,22.5,22.5,22.5,22.5
Ch157,60,60,60,60,26,26,26,26,26,26,26,26,26,26,26,26,26,26,26,26,26,26,26,26,26,26,26,26,26,26,26,26,26,26,26,26,26,26,26,26,26,26,26,26,26,26,26,26,26,22.5,22.5,22.5,22.5,22.5,22.5,22.5,22.5,22.5,22.5,22.5,22.5,22.5,22.5,22.5,22.5,22.5,22.5,22.5,22.5,22.5,22.5,22.5,22.5,22.5,22.5,22.5,22.5,22.5,22.5,22.5,22.5,22.5,22.5,22.5,22.5,22.5,22.5,26,26,26,26,26,26,26,26,26,26,26,26,26,26,26,26,26,26,26,26,26,26,26,26,26,26,26,26,26,26,26,26,26,26,26,26,26,26,26,26,22.5,22.5,22.5,22.5,22.5,22.5,22.5,22.5,22.5,22.5,22.5,22.5,22.5,22.5,22.5,22.5,22.5,22.5,22.5,22.5
Ch161,60,60,60,60,26,26,26,26,26,26,26,26,26,26,26,26,26,26,26,26,26,26,26,26,26,26,26,26,26,26,26,26,26,26,26,26,26,26,26,26,26,26,26,26,26,26,26,26,26,22.5,22.5,22.5,22.5,22.5,22.5,22.5,22.5,22.5,22.5,22.5,22.5,22.5,22.5,22.5,22.5,22.5,22.5,22.5,22.5,22.5,22.5,22.5,22.5,22.5,22.5,22.5,22.5,22.5,22.5,22.5,22.5,22.5,22.5,22.5,22.5,22.5,22.5,26,26,26,26,26,26,26,26,26,26,26,26,26,26,26,26,26,26,26,26,26,26,26,26,26,26,26,26,26,26,26,26,26,26,26,26,26,26,26,26,22.5,22.5,22.5,22.5,22.5,22.5,22.5,22.5,22.5,22.5,22.5,22.5,22.5,22.5,22.5,22.5,22.5,22.5,22.5,22.5
Ch165,60,60,60,60,26,26,26,26,26,26,26,26,26,26,26,26,26,26,26,26,26,26,26,26,26,26,26,26,26,26,26,26,26,26,26,26,26,26,26,26,26,26,26,26,26,26,26,26,26,22.5,22.5,22.5,22.5,22.5,22.5,22.5,22.5,22.5,22.5,22.5,22.5,22.5,22.5,22.5,22.5,22.5,22.5,22.5,22.5,22.5,22.5,22.5,22.5,22.5,22.5,22.5,22.5,22.5,22.5,22.5,22.5,22.5,22.5,22.5,22.5,22.5,22.5,26,26,26,26,26,26,26,26,26,26,26,26,26,26,26,26,26,26,26,26,26,26,26,26,26,26,26,26,26,26,26,26,26,26,26,26,26,26,26,26,22.5,22.5,22.5,22.5,22.5,22.5,22.5,22.5,22.5,22.5,22.5,22.5,22.5,22.5,22.5,22.5,22.5,22.5,22.5,22.5
Ch169,60,60,60,60,26,26,26,26,26,26,26,26,26,26,26,26,26,26,26,26,26,26,26,26,26,26,26,26,26,26,26,26,26,26,26,26,26,26,26,26,26,26,26,26,26,26,26,26,26,22.5,22.5,22.5,22.5,22.5,22.5,22.5,22.5,22.5,22.5,22.5,22.5,22.5,22.5,22.5,22.5,22.5,22.5,22.5,22.5,22.5,22.5,22.5,22.5,22.5,22.5,22.5,22.5,22.5,22.5,22.5,22.5,22.5,22.5,22.5,22.5,22.5,22.5,26,26,26,26,26,26,26,26,26,26,26,26,26,26,26,26,26,26,26,26,26,26,26,26,26,26,26,26,26,26,26,26,26,26,26,26,26,26,26,26,22.5,22.5,22.5,22.5,22.5,22.5,22.5,22.5,22.5,22.5,22.5,22.5,22.5,22.5,22.5,22.5,22.5,22.5,22.5,22.5
Ch173,60,60,60,60,26,26,26,26,26,26,26,26,26,26,26,26,26,26,26,26,26,26,26,26,26,26,26,26,26,26,26,26,26,26,26,26,26,26,26,26,26,26,26,26,26,26,26,26,26,22.5,22.5,22.5,22.5,22.5,22.5,22.5,22.5,22.5,22.5,22.5,22.5,22.5,22.5,22.5,22.5,22.5,22.5,22.5,22.5,22.5,22.5,22.5,22.5,22.5,22.5,22.5,22.5,22.5,22.5,22.5,22.5,22.5,22.5,22.5,22.5,22.5,22.5,26,26,26,26,26,26,26,26,26,26,26,26,26,26,26,26,26,26,26,26,26,26,26,26,26,26,26,26,26,26,26,26,26,26,26,26,26,26,26,26,22.5,22.5,22.5,22.5,22.5,22.5,22.5,22.5,22.5,22.5,22.5,22.5,22.5,22.5,22.5,22.5,22.5,22.5,22.5,22.5
Ch177,60,60,60,60,26,26,26,26,26,26,26,26,26,26,26,26,26,26,26,26,26,26,26,26,26,26,26,26,26,26,26,26,26,26,26,26,26,26,26,26,26,26,26,26,26,26,26,26,26,22.5,22.5,22.5,22.5,22.5,22.5,22.5,22.5,22.5,22.5,22.5,22.5,22.5,22.5,22.5,22.5,22.5,22.5,22.5,22.5,22.5,22.5,22.5,22.5,22.5,22.5,22.5,22.5,22.5,22.5,22.5,22.5,22.5,22.5,22.5,22.5,22.5,22.5,26,26,26,26,26,26,26,26,26,26,26,26,26,26,26,26,26,26,26,26,26,26,26,26,26,26,26,26,26,26,26,26,26,26,26,26,26,26,26,26,22.5,22.5,22.5,22.5,22.5,22.5,22.5,22.5,22.5,22.5,22.5,22.5,22.5,22.5,22.5,22.5,22.5,22.5,22.5,22.5
Ch181,60,60,60,60,26,26,26,26,26,26,26,26,26,26,26,26,26,26,26,26,26,26,26,26,26,26,26,26,26,26,26,26,26,26,26,26,26,26,26,26,26,26,26,26,26,26,26,26,26,22.5,22.5,22.5,22.5,22.5,22.5,22.5,22.5,22.5,22.5,22.5,22.5,22.5,22.5,22.5,22.5,22.5,22.5,22.5,22.5,22.5,22.5,22.5,22.5,22.5,22.5,22.5,22.5,22.5,22.5,22.5,22.5,22.5,22.5,22.5,22.5,22.5,22.5,26,26,26,26,26,26,26,26,26,26,26,26,26,26,26,26,26,26,26,26,26,26,26,26,26,26,26,26,26,26,26,26,26,26,26,26,26,26,26,26,22.5,22.5,22.5,22.5,22.5,22.5,22.5,22.5,22.5,22.5,22.5,22.5,22.5,22.5,22.5,22.5,22.5,22.5,22.5,22.5
